7.261406065208782401e+00
1.978429612108386193e+00
8.189543699461538040e+00
1.319266956341807351e+00
1.845460814674791505e+00
3.719406483205643266e+00
5.413248101257776668e+00
5.727756030957645628e+00
1.840086563650475071e+00
2.256062328795782168e+00
4.569753639274804158e+00
6.607112540912544851e+00
3.185615895471346715e+00
7.261406065208782401e+00
2.256062328795782168e+00
2.318028990566028735e+00
4.171438676223764297e+00
2.299452595676923838e+00
2.473006769164366681e+00
2.656259926708256280e+00
4.737274003958602542e+00
2.980056928082100320e+00
5.413248101257776668e+00
4.737274003958602542e+00
5.151363564107256821e+00
1.621046745382916043e+00
2.071365297609131240e+00
3.313693202063230370e+00
2.180299888766701777e+00
3.411802010949121833e+00
6.114891268909794064e+00
3.719406483205643266e+00
2.460202888700870005e+00
2.031303292512122827e+00
2.264413372967873705e+00
2.066116990885203286e+00
2.357540667676594204e+00
5.151363564107256821e+00
1.637558745933168414e+00
1.867968543216799615e+00
2.173413978432452431e+00
2.187300905908664994e+00
4.289927677420816821e+00
1.626804542691967725e+00
2.357540667676594204e+00
3.361312801098469638e+00
1.797988280413870932e+00
2.693482822965398871e+00
2.674579972103274805e+00
3.226058859512328070e+00
2.447707782717975622e+00
2.656259926708256280e+00
3.268684370869904487e+00
2.797917091046687954e+00
2.869986578207355699e+00
1.646291963283189830e+00
6.114891268909794064e+00
2.693482822965398871e+00
6.607112540912544851e+00
1.834807487650484292e+00
3.411802010949121833e+00
6.607112540912544851e+00
2.055834222325818139e+00
1.908434621255530317e+00
1.516935277925362868e+00
1.692531359657410528e+00
4.421804392808938999e+00
2.499592625770416632e+00
3.185615895471346715e+00
1.608887171535149596e+00
2.604516442935326026e+00
1.745663270225679575e+00
5.727756030957645628e+00
2.895877836676787886e+00
2.400583281188859441e+00
3.877360660186340180e+00
2.797917091046687954e+00
2.499592625770416632e+00
2.980056928082100320e+00
2.378588774524928784e+00
2.845067669753806427e+00
2.922805478880585284e+00
3.795243948471185735e+00
3.795243948471185735e+00
2.308647909668161802e+00
1.800301598436912176e+00
1.395214224053934249e+00
1.970340271499428475e+00
2.499592625770416632e+00
3.649095404287310274e+00
3.110585273939081130e+00
2.572452775651908663e+00
5.413248101257776668e+00
3.411802010949121833e+00
2.473006769164366681e+00
1.734485455813519650e+00
1.761340260911058664e+00
3.649095404287310274e+00
2.209027231382943768e+00
4.289927677420816821e+00
2.674579972103274805e+00
6.607112540912544851e+00
5.151363564107256821e+00
2.239816435045531406e+00
3.877360660186340180e+00
1.814589700115412096e+00
2.499592625770416632e+00
1.911771674752290151e+00
2.435509388404172526e+00
3.075697720105485367e+00
2.513402409322205155e+00
3.649095404287310274e+00
4.171438676223764297e+00
2.542131604121394606e+00
1.947159103942956104e+00
2.209027231382943768e+00
1.771622685005659115e+00
6.607112540912544851e+00
4.929023602191341169e+00
4.289927677420816821e+00
2.318028990566028735e+00
5.727756030957645628e+00
9.651108271786734250e+00
2.572452775651908663e+00
3.411802010949121833e+00
2.572452775651908663e+00
3.313693202063230370e+00
3.465456848798366352e+00
1.459585902622442699e+00
2.473006769164366681e+00
9.651108271786734250e+00
2.527576701181793339e+00
3.361312801098469638e+00
2.264413372967873705e+00
2.775582050818327318e+00
4.737274003958602542e+00
3.465456848798366352e+00
3.411802010949121833e+00
5.727756030957645628e+00
3.147177499975804871e+00
2.166640094069148148e+00
2.036080880589466791e+00
3.719406483205643266e+00
3.877360660186340180e+00
2.674579972103274805e+00
2.055834222325818139e+00
3.877360660186340180e+00
1.729070896653513989e+00
4.929023602191341169e+00
8.189543699461538040e+00
1.936139513556923264e+00
2.411957670666561526e+00
3.877360660186340180e+00
8.189543699461538040e+00
4.929023602191341169e+00
3.795243948471185735e+00
4.171438676223764297e+00
7.261406065208782401e+00
3.649095404287310274e+00
2.378588774524928784e+00
2.122123418770472281e+00
3.719406483205643266e+00
4.737274003958602542e+00
3.226058859512328070e+00
2.895877836676787886e+00
2.845067669753806427e+00
2.797917091046687954e+00
2.693482822965398871e+00
4.421804392808938999e+00
1.817041609344294040e+00
3.465456848798366352e+00
1.901862518859021023e+00
2.513402409322205155e+00
2.008313562743323288e+00
2.845067669753806427e+00
3.583677881035240986e+00
3.313693202063230370e+00
3.361312801098469638e+00
3.649095404287310274e+00
1.865062539693928878e+00
1.645023705882128207e+00
5.727756030957645628e+00
4.289927677420816821e+00
6.114891268909794064e+00
5.413248101257776668e+00
5.151363564107256821e+00
4.064238626860063874e+00
9.651108271786734250e+00
4.289927677420816821e+00
5.151363564107256821e+00
3.226058859512328070e+00
2.122123418770472281e+00
3.411802010949121833e+00
2.389463394186748246e+00
3.042387998908642199e+00
5.413248101257776668e+00
2.264413372967873705e+00
5.413248101257776668e+00
1.749497033968369974e+00
5.413248101257776668e+00
7.261406065208782401e+00
1.999514187726237235e+00
6.607112540912544851e+00
2.159975268443506291e+00
2.104459765113855241e+00
2.104459765113855241e+00
2.045826141403219722e+00
2.950839564932278059e+00
4.289927677420816821e+00
2.922805478880585284e+00
2.869986578207355699e+00
3.010542037488269429e+00
3.147177499975804871e+00
4.289927677420816821e+00
2.869986578207355699e+00
2.087557921850521581e+00
2.389463394186748246e+00
2.040921372147649571e+00
2.082084027766563317e+00
2.098743877039221939e+00
5.151363564107256821e+00
4.569753639274804158e+00
3.583677881035240986e+00
5.413248101257776668e+00
1.819514431877691019e+00
4.289927677420816821e+00
2.638493701287663029e+00
4.737274003958602542e+00
1.895422671244522128e+00
7.261406065208782401e+00
2.604516442935326026e+00
7.261406065208782401e+00
1.873864028444932384e+00
3.719406483205643266e+00
9.651108271786734250e+00
9.651108271786734250e+00
1.870902227315180522e+00
3.649095404287310274e+00
2.754011692110180043e+00
7.261406065208782401e+00
3.075697720105485367e+00
3.966660337563596705e+00
2.153416642611853504e+00
4.569753639274804158e+00
4.737274003958602542e+00
4.929023602191341169e+00
4.421804392808938999e+00
4.929023602191341169e+00
6.607112540912544851e+00
4.929023602191341169e+00
1.654051913097195570e+00
1.939772452131875768e+00
3.877360660186340180e+00
1.689460255522714949e+00
9.651108271786734250e+00
3.411802010949121833e+00
6.607112540912544851e+00
4.737274003958602542e+00
4.289927677420816821e+00
5.413248101257776668e+00
1.524545443313214843e+00
5.727756030957645628e+00
2.447707782717975622e+00
2.656259926708256280e+00
3.795243948471185735e+00
4.569753639274804158e+00
2.572452775651908663e+00
5.727756030957645628e+00
9.651108271786734250e+00
8.189543699461538040e+00
4.929023602191341169e+00
2.060940499976477547e+00
1.373489418156013109e+00
1.716862239618442310e+00
8.189543699461538040e+00
4.064238626860063874e+00
3.719406483205643266e+00
3.147177499975804871e+00
6.114891268909794064e+00
3.649095404287310274e+00
3.649095404287310274e+00
7.261406065208782401e+00
2.869986578207355699e+00
2.003886705684808867e+00
3.010542037488269429e+00
2.036080880589466791e+00
8.189543699461538040e+00
5.413248101257776668e+00
3.268684370869904487e+00
3.010542037488269429e+00
3.010542037488269429e+00
7.261406065208782401e+00
3.795243948471185735e+00
2.337373773272910071e+00
2.411957670666561526e+00
4.289927677420816821e+00
2.604516442935326026e+00
2.116147420196555551e+00
2.527576701181793339e+00
1.974361284169493080e+00
4.064238626860063874e+00
5.151363564107256821e+00
2.347350896530271847e+00
8.189543699461538040e+00
1.245746553947521562e+01
1.245746553947521562e+01
1.834807487650484292e+00
3.042387998908642199e+00
2.272922805663209811e+00
2.821062455300170857e+00
1.706844307004535821e+00
2.656259926708256280e+00
5.413248101257776668e+00
2.435509388404172526e+00
1.784493495550999898e+00
4.421804392808938999e+00
4.737274003958602542e+00
1.570637541474007470e+00
3.966660337563596705e+00
5.413248101257776668e+00
1.905131760154378018e+00
4.289927677420816821e+00
5.727756030957645628e+00
2.557084228718982555e+00
3.361312801098469638e+00
2.542131604121394606e+00
3.649095404287310274e+00
6.607112540912544851e+00
2.797917091046687954e+00
2.638493701287663029e+00
4.421804392808938999e+00
5.413248101257776668e+00
9.651108271786734250e+00
3.185615895471346715e+00
7.261406065208782401e+00
3.522617637752593289e+00
3.966660337563596705e+00
3.966660337563596705e+00
2.821062455300170857e+00
3.649095404287310274e+00
4.064238626860063874e+00
1.936139513556923264e+00
1.335325295071689844e+00
2.460202888700870005e+00
2.869986578207355699e+00
5.151363564107256821e+00
2.308647909668161802e+00
9.651108271786734250e+00
8.189543699461538040e+00
2.604516442935326026e+00
2.272922805663209811e+00
3.795243948471185735e+00
1.876854392702160590e+00
2.308647909668161802e+00
2.621254278883553113e+00
3.649095404287310274e+00
7.261406065208782401e+00
2.604516442935326026e+00
2.036080880589466791e+00
2.754011692110180043e+00
5.413248101257776668e+00
7.261406065208782401e+00
2.980056928082100320e+00
1.521741735035248455e+00
4.737274003958602542e+00
6.607112540912544851e+00
6.114891268909794064e+00
3.465456848798366352e+00
4.737274003958602542e+00
4.569753639274804158e+00
6.607112540912544851e+00
6.114891268909794064e+00
3.583677881035240986e+00
2.473006769164366681e+00
2.922805478880585284e+00
4.569753639274804158e+00
7.261406065208782401e+00
5.413248101257776668e+00
2.513402409322205155e+00
3.966660337563596705e+00
5.727756030957645628e+00
3.649095404287310274e+00
5.413248101257776668e+00
6.607112540912544851e+00
2.290437072990777700e+00
2.264413372967873705e+00
8.189543699461538040e+00
3.185615895471346715e+00
4.171438676223764297e+00
7.261406065208782401e+00
2.980056928082100320e+00
3.583677881035240986e+00
7.261406065208782401e+00
1.601490208552363903e+00
3.361312801098469638e+00
6.607112540912544851e+00
3.042387998908642199e+00
3.313693202063230370e+00
3.185615895471346715e+00
2.378588774524928784e+00
4.569753639274804158e+00
4.171438676223764297e+00
6.607112540912544851e+00
3.042387998908642199e+00
3.411802010949121833e+00
4.569753639274804158e+00
3.075697720105485367e+00
3.966660337563596705e+00
1.859331875168984016e+00
6.607112540912544851e+00
3.110585273939081130e+00
4.929023602191341169e+00
4.171438676223764297e+00
2.821062455300170857e+00
2.367950647059119618e+00
2.460202888700870005e+00
3.147177499975804871e+00
3.795243948471185735e+00
1.461543866418805626e+00
3.042387998908642199e+00
2.036080880589466791e+00
1.706844307004535821e+00
4.171438676223764297e+00
6.114891268909794064e+00
4.421804392808938999e+00
2.638493701287663029e+00
2.031303292512122827e+00
2.187300905908664994e+00
3.361312801098469638e+00
3.465456848798366352e+00
1.424770843693187405e+00
5.413248101257776668e+00
5.413248101257776668e+00
3.042387998908642199e+00
3.522617637752593289e+00
3.465456848798366352e+00
3.966660337563596705e+00
2.378588774524928784e+00
8.189543699461538040e+00
8.189543699461538040e+00
4.289927677420816821e+00
5.727756030957645628e+00
8.189543699461538040e+00
3.795243948471185735e+00
2.159975268443506291e+00
1.540762451402693634e+00
1.611048092673313725e+00
2.367950647059119618e+00
5.727756030957645628e+00
1.734485455813519650e+00
1.767462970690375501e+00
2.055834222325818139e+00
3.465456848798366352e+00
4.929023602191341169e+00
9.651108271786734250e+00
3.795243948471185735e+00
4.289927677420816821e+00
2.473006769164366681e+00
4.421804392808938999e+00
2.821062455300170857e+00
4.569753639274804158e+00
3.649095404287310274e+00
4.569753639274804158e+00
4.737274003958602542e+00
3.719406483205643266e+00
1.958552256569024541e+00
1.245746553947521562e+01
4.289927677420816821e+00
4.569753639274804158e+00
1.245746553947521562e+01
4.569753639274804158e+00
5.151363564107256821e+00
2.224149115211875749e+00
2.347350896530271847e+00
3.877360660186340180e+00
1.720291471723609300e+00
3.313693202063230370e+00
3.147177499975804871e+00
2.486132180720641571e+00
2.950839564932278059e+00
2.071365297609131240e+00
6.607112540912544851e+00
2.486132180720641571e+00
1.245746553947521562e+01
4.064238626860063874e+00
5.413248101257776668e+00
7.261406065208782401e+00
1.995194920155331397e+00
3.361312801098469638e+00
4.569753639274804158e+00
2.116147420196555551e+00
2.087557921850521581e+00
1.974361284169493080e+00
3.313693202063230370e+00
3.185615895471346715e+00
5.727756030957645628e+00
2.110260252884825771e+00
3.649095404287310274e+00
3.966660337563596705e+00
1.375676779048967457e+00
1.542307690079139704e+00
3.075697720105485367e+00
4.569753639274804158e+00
2.017334806359468935e+00
8.189543699461538040e+00
3.313693202063230370e+00
7.261406065208782401e+00
2.299452595676923838e+00
3.465456848798366352e+00
2.821062455300170857e+00
9.651108271786734250e+00
3.795243948471185735e+00
2.950839564932278059e+00
5.727756030957645628e+00
8.189543699461538040e+00
3.361312801098469638e+00
6.114891268909794064e+00
9.651108271786734250e+00
2.166640094069148148e+00
2.272922805663209811e+00
9.651108271786734250e+00
3.522617637752593289e+00
2.264413372967873705e+00
3.795243948471185735e+00
4.064238626860063874e+00
4.171438676223764297e+00
2.031303292512122827e+00
3.010542037488269429e+00
8.189543699461538040e+00
1.697211145613487515e+00
3.877360660186340180e+00
1.640019937808341988e+00
2.104459765113855241e+00
1.643762437375757557e+00
3.411802010949121833e+00
5.727756030957645628e+00
2.693482822965398871e+00
7.261406065208782401e+00
8.189543699461538040e+00
4.171438676223764297e+00
2.486132180720641571e+00
2.187300905908664994e+00
3.719406483205643266e+00
2.527576701181793339e+00
2.389463394186748246e+00
3.147177499975804871e+00
3.649095404287310274e+00
4.171438676223764297e+00
4.289927677420816821e+00
3.649095404287310274e+00
1.918550718050699322e+00
4.569753639274804158e+00
2.194420229934013200e+00
3.411802010949121833e+00
3.226058859512328070e+00
5.413248101257776668e+00
5.727756030957645628e+00
2.116147420196555551e+00
3.649095404287310274e+00
2.693482822965398871e+00
3.795243948471185735e+00
3.966660337563596705e+00
5.727756030957645628e+00
5.151363564107256821e+00
3.465456848798366352e+00
7.261406065208782401e+00
4.421804392808938999e+00
2.557084228718982555e+00
2.922805478880585284e+00
2.980056928082100320e+00
3.583677881035240986e+00
1.786697976717465552e+00
5.413248101257776668e+00
6.114891268909794064e+00
7.261406065208782401e+00
1.621046745382916043e+00
3.795243948471185735e+00
2.423596289114535729e+00
3.966660337563596705e+00
2.435509388404172526e+00
7.261406065208782401e+00
4.289927677420816821e+00
6.607112540912544851e+00
5.151363564107256821e+00
3.795243948471185735e+00
3.411802010949121833e+00
2.327602094117355414e+00
5.151363564107256821e+00
6.607112540912544851e+00
4.064238626860063874e+00
1.802633915810984089e+00
1.487607464915870592e+00
1.617662833910825881e+00
3.411802010949121833e+00
5.413248101257776668e+00
1.898626338041489836e+00
2.201661186137478410e+00
2.775582050818327318e+00
2.922805478880585284e+00
4.569753639274804158e+00
2.950839564932278059e+00
4.421804392808938999e+00
5.727756030957645628e+00
3.583677881035240986e+00
3.185615895471346715e+00
6.607112540912544851e+00
6.607112540912544851e+00
7.261406065208782401e+00
4.737274003958602542e+00
4.064238626860063874e+00
2.337373773272910071e+00
2.110260252884825771e+00
2.693482822965398871e+00
3.313693202063230370e+00
4.737274003958602542e+00
3.110585273939081130e+00
1.819514431877691019e+00
1.386881984538416823e+00
2.281595630274272146e+00
9.651108271786734250e+00
8.189543699461538040e+00
6.114891268909794064e+00
2.821062455300170857e+00
3.313693202063230370e+00
2.499592625770416632e+00
5.413248101257776668e+00
2.473006769164366681e+00
7.261406065208782401e+00
9.651108271786734250e+00
3.719406483205643266e+00
4.569753639274804158e+00
1.995194920155331397e+00
4.421804392808938999e+00
2.712999621014341223e+00
2.473006769164366681e+00
3.465456848798366352e+00
1.755353241174866241e+00
2.031303292512122827e+00
2.098743877039221939e+00
6.114891268909794064e+00
1.795693708449361825e+00
2.922805478880585284e+00
5.727756030957645628e+00
2.076687074086349227e+00
3.075697720105485367e+00
3.877360660186340180e+00
3.185615895471346715e+00
1.538467688620559937e+00
2.656259926708256280e+00
9.651108271786734250e+00
2.980056928082100320e+00
1.698790984970709239e+00
6.114891268909794064e+00
5.413248101257776668e+00
1.939772452131875768e+00
1.541533517484438676e+00
4.171438676223764297e+00
9.651108271786734250e+00
1.807356585848662434e+00
3.147177499975804871e+00
3.042387998908642199e+00
6.607112540912544851e+00
3.361312801098469638e+00
7.261406065208782401e+00
5.727756030957645628e+00
3.010542037488269429e+00
3.147177499975804871e+00
6.607112540912544851e+00
5.151363564107256821e+00
9.651108271786734250e+00
8.189543699461538040e+00
2.201661186137478410e+00
2.357540667676594204e+00
2.435509388404172526e+00
2.588256626337072319e+00
2.656259926708256280e+00
3.966660337563596705e+00
3.361312801098469638e+00
2.134350895442781670e+00
2.980056928082100320e+00
2.012795878852461140e+00
2.347350896530271847e+00
1.627974252519614584e+00
2.367950647059119618e+00
8.189543699461538040e+00
1.763365839395898416e+00
2.256062328795782168e+00
1.886001475638052538e+00
2.055834222325818139e+00
2.367950647059119618e+00
4.929023602191341169e+00
2.098743877039221939e+00
2.473006769164366681e+00
1.827061359441424004e+00
1.759329756984368442e+00
5.413248101257776668e+00
2.021931531219150369e+00
2.950839564932278059e+00
5.151363564107256821e+00
7.261406065208782401e+00
5.151363564107256821e+00
1.780136272756112747e+00
6.114891268909794064e+00
4.421804392808938999e+00
5.413248101257776668e+00
4.289927677420816821e+00
2.674579972103274805e+00
3.522617637752593289e+00
9.651108271786734250e+00
4.064238626860063874e+00
6.607112540912544851e+00
4.737274003958602542e+00
8.189543699461538040e+00
9.651108271786734250e+00
3.877360660186340180e+00
5.151363564107256821e+00
3.185615895471346715e+00
3.411802010949121833e+00
3.522617637752593289e+00
6.114891268909794064e+00
2.272922805663209811e+00
2.187300905908664994e+00
6.114891268909794064e+00
3.795243948471185735e+00
1.506401827785557757e+00
1.837435302737161269e+00
1.743767002469788885e+00
2.146961460906348762e+00
2.187300905908664994e+00
6.607112540912544851e+00
1.999514187726237235e+00
1.499501673274262092e+00
1.895422671244522128e+00
1.822008462800080109e+00
3.966660337563596705e+00
3.010542037488269429e+00
3.719406483205643266e+00
2.423596289114535729e+00
3.110585273939081130e+00
2.128190475420010053e+00
3.185615895471346715e+00
4.421804392808938999e+00
5.413248101257776668e+00
8.189543699461538040e+00
5.727756030957645628e+00
9.651108271786734250e+00
4.737274003958602542e+00
2.499592625770416632e+00
4.569753639274804158e+00
6.607112540912544851e+00
2.638493701287663029e+00
4.421804392808938999e+00
2.378588774524928784e+00
4.421804392808938999e+00
4.289927677420816821e+00
2.337373773272910071e+00
3.075697720105485367e+00
5.413248101257776668e+00
4.421804392808938999e+00
6.114891268909794064e+00
3.583677881035240986e+00
8.189543699461538040e+00
2.588256626337072319e+00
2.895877836676787886e+00
2.845067669753806427e+00
5.151363564107256821e+00
3.010542037488269429e+00
2.638493701287663029e+00
3.226058859512328070e+00
4.289927677420816821e+00
3.522617637752593289e+00
2.087557921850521581e+00
4.569753639274804158e+00
2.895877836676787886e+00
3.877360660186340180e+00
4.929023602191341169e+00
9.651108271786734250e+00
2.845067669753806427e+00
2.845067669753806427e+00
5.727756030957645628e+00
7.261406065208782401e+00
8.189543699461538040e+00
3.226058859512328070e+00
4.569753639274804158e+00
5.151363564107256821e+00
8.189543699461538040e+00
2.895877836676787886e+00
3.522617637752593289e+00
1.245746553947521562e+01
4.064238626860063874e+00
2.347350896530271847e+00
7.261406065208782401e+00
2.638493701287663029e+00
8.189543699461538040e+00
3.010542037488269429e+00
4.421804392808938999e+00
6.114891268909794064e+00
2.337373773272910071e+00
1.886001475638052538e+00
2.542131604121394606e+00
2.187300905908664994e+00
2.194420229934013200e+00
2.527576701181793339e+00
2.318028990566028735e+00
1.966365675533048085e+00
4.929023602191341169e+00
3.522617637752593289e+00
3.465456848798366352e+00
5.413248101257776668e+00
2.247864880522526754e+00
4.929023602191341169e+00
3.795243948471185735e+00
3.361312801098469638e+00
3.465456848798366352e+00
3.719406483205643266e+00
5.413248101257776668e+00
6.607112540912544851e+00
6.114891268909794064e+00
9.651108271786734250e+00
2.797917091046687954e+00
3.226058859512328070e+00
3.966660337563596705e+00
1.718571090682599278e+00
5.151363564107256821e+00
5.413248101257776668e+00
9.651108271786734250e+00
3.795243948471185735e+00
3.795243948471185735e+00
4.929023602191341169e+00
4.064238626860063874e+00
4.171438676223764297e+00
2.499592625770416632e+00
2.895877836676787886e+00
2.922805478880585284e+00
4.289927677420816821e+00
4.064238626860063874e+00
5.727756030957645628e+00
1.876854392702160590e+00
4.737274003958602542e+00
3.075697720105485367e+00
2.447707782717975622e+00
4.421804392808938999e+00
3.042387998908642199e+00
4.064238626860063874e+00
2.290437072990777700e+00
3.583677881035240986e+00
6.607112540912544851e+00
3.719406483205643266e+00
2.572452775651908663e+00
2.140607066201520858e+00
8.189543699461538040e+00
2.980056928082100320e+00
4.929023602191341169e+00
4.421804392808938999e+00
4.289927677420816821e+00
4.929023602191341169e+00
7.261406065208782401e+00
2.950839564932278059e+00
3.877360660186340180e+00
2.572452775651908663e+00
6.114891268909794064e+00
7.261406065208782401e+00
4.064238626860063874e+00
2.134350895442781670e+00
4.421804392808938999e+00
3.966660337563596705e+00
5.151363564107256821e+00
3.042387998908642199e+00
3.877360660186340180e+00
3.966660337563596705e+00
5.727756030957645628e+00
3.465456848798366352e+00
2.775582050818327318e+00
4.171438676223764297e+00
4.569753639274804158e+00
5.413248101257776668e+00
7.261406065208782401e+00
5.413248101257776668e+00
4.421804392808938999e+00
9.651108271786734250e+00
2.950839564932278059e+00
2.845067669753806427e+00
2.473006769164366681e+00
2.674579972103274805e+00
2.122123418770472281e+00
5.413248101257776668e+00
5.413248101257776668e+00
2.845067669753806427e+00
4.929023602191341169e+00
3.411802010949121833e+00
2.128190475420010053e+00
2.674579972103274805e+00
4.929023602191341169e+00
8.189543699461538040e+00
5.727756030957645628e+00
4.929023602191341169e+00
4.929023602191341169e+00
6.114891268909794064e+00
8.189543699461538040e+00
5.727756030957645628e+00
4.064238626860063874e+00
2.367950647059119618e+00
2.950839564932278059e+00
1.889110755987267076e+00
4.929023602191341169e+00
9.651108271786734250e+00
2.486132180720641571e+00
3.649095404287310274e+00
6.607112540912544851e+00
5.727756030957645628e+00
5.151363564107256821e+00
5.727756030957645628e+00
4.421804392808938999e+00
5.413248101257776668e+00
2.656259926708256280e+00
2.980056928082100320e+00
8.189543699461538040e+00
6.114891268909794064e+00
4.737274003958602542e+00
3.010542037488269429e+00
3.966660337563596705e+00
3.226058859512328070e+00
3.075697720105485367e+00
4.171438676223764297e+00
6.114891268909794064e+00
6.607112540912544851e+00
5.413248101257776668e+00
6.607112540912544851e+00
5.413248101257776668e+00
4.289927677420816821e+00
2.447707782717975622e+00
6.607112540912544851e+00
2.895877836676787886e+00
5.727756030957645628e+00
6.607112540912544851e+00
3.649095404287310274e+00
3.795243948471185735e+00
4.569753639274804158e+00
5.727756030957645628e+00
3.110585273939081130e+00
3.042387998908642199e+00
1.674660759813556110e+00
2.869986578207355699e+00
6.114891268909794064e+00
4.569753639274804158e+00
3.147177499975804871e+00
3.795243948471185735e+00
3.075697720105485367e+00
8.189543699461538040e+00
4.929023602191341169e+00
6.607112540912544851e+00
6.607112540912544851e+00
3.226058859512328070e+00
3.147177499975804871e+00
2.797917091046687954e+00
1.710139632189149772e+00
2.950839564932278059e+00
5.727756030957645628e+00
5.151363564107256821e+00
2.845067669753806427e+00
3.583677881035240986e+00
4.064238626860063874e+00
3.010542037488269429e+00
4.064238626860063874e+00
4.289927677420816821e+00
3.877360660186340180e+00
5.413248101257776668e+00
8.189543699461538040e+00
3.465456848798366352e+00
5.413248101257776668e+00
9.651108271786734250e+00
1.523840538068575334e+00
3.361312801098469638e+00
4.064238626860063874e+00
5.727756030957645628e+00
2.604516442935326026e+00
4.289927677420816821e+00
5.413248101257776668e+00
5.413248101257776668e+00
1.245746553947521562e+01
2.299452595676923838e+00
6.114891268909794064e+00
1.245746553947521562e+01
6.607112540912544851e+00
4.929023602191341169e+00
9.651108271786734250e+00
2.378588774524928784e+00
6.114891268909794064e+00
4.737274003958602542e+00
6.114891268909794064e+00
6.114891268909794064e+00
4.064238626860063874e+00
1.525963309873265228e+00
8.189543699461538040e+00
4.171438676223764297e+00
8.189543699461538040e+00
1.954711751229160965e+00
3.877360660186340180e+00
4.929023602191341169e+00
6.607112540912544851e+00
5.727756030957645628e+00
4.569753639274804158e+00
6.607112540912544851e+00
6.114891268909794064e+00
9.651108271786734250e+00
9.651108271786734250e+00
9.651108271786734250e+00
5.727756030957645628e+00
8.189543699461538040e+00
2.318028990566028735e+00
3.075697720105485367e+00
3.147177499975804871e+00
6.607112540912544851e+00
2.980056928082100320e+00
3.583677881035240986e+00
2.572452775651908663e+00
4.171438676223764297e+00
1.642508094628088777e+00
6.607112540912544851e+00
2.447707782717975622e+00
3.583677881035240986e+00
3.411802010949121833e+00
3.268684370869904487e+00
5.413248101257776668e+00
4.289927677420816821e+00
2.378588774524928784e+00
8.189543699461538040e+00
6.607112540912544851e+00
6.114891268909794064e+00
6.607112540912544851e+00
2.693482822965398871e+00
3.522617637752593289e+00
5.727756030957645628e+00
4.064238626860063874e+00
6.607112540912544851e+00
4.737274003958602542e+00
3.361312801098469638e+00
6.114891268909794064e+00
8.189543699461538040e+00
4.737274003958602542e+00
7.261406065208782401e+00
5.413248101257776668e+00
6.607112540912544851e+00
7.261406065208782401e+00
2.604516442935326026e+00
6.114891268909794064e+00
8.189543699461538040e+00
5.727756030957645628e+00
2.674579972103274805e+00
4.737274003958602542e+00
1.837435302737161269e+00
5.413248101257776668e+00
3.649095404287310274e+00
4.289927677420816821e+00
5.413248101257776668e+00
2.411957670666561526e+00
4.171438676223764297e+00
8.189543699461538040e+00
2.869986578207355699e+00
5.413248101257776668e+00
4.421804392808938999e+00
2.435509388404172526e+00
1.990927844390151469e+00
2.264413372967873705e+00
9.651108271786734250e+00
8.189543699461538040e+00
5.413248101257776668e+00
4.929023602191341169e+00
2.542131604121394606e+00
4.569753639274804158e+00
5.151363564107256821e+00
5.727756030957645628e+00
7.261406065208782401e+00
9.651108271786734250e+00
3.465456848798366352e+00
2.712999621014341223e+00
9.651108271786734250e+00
3.010542037488269429e+00
6.114891268909794064e+00
6.114891268909794064e+00
3.649095404287310274e+00
2.050796604728956307e+00
3.226058859512328070e+00
8.189543699461538040e+00
3.226058859512328070e+00
2.180299888766701777e+00
4.737274003958602542e+00
6.607112540912544851e+00
7.261406065208782401e+00
8.189543699461538040e+00
2.638493701287663029e+00
3.877360660186340180e+00
5.413248101257776668e+00
4.421804392808938999e+00
3.877360660186340180e+00
6.114891268909794064e+00
4.737274003958602542e+00
8.189543699461538040e+00
3.268684370869904487e+00
3.465456848798366352e+00
5.413248101257776668e+00
3.185615895471346715e+00
7.261406065208782401e+00
4.569753639274804158e+00
9.651108271786734250e+00
4.421804392808938999e+00
3.522617637752593289e+00
4.929023602191341169e+00
4.064238626860063874e+00
4.289927677420816821e+00
3.226058859512328070e+00
2.733163874185629005e+00
4.421804392808938999e+00
3.795243948471185735e+00
5.151363564107256821e+00
3.795243948471185735e+00
6.607112540912544851e+00
7.261406065208782401e+00
4.171438676223764297e+00
3.010542037488269429e+00
5.413248101257776668e+00
5.413248101257776668e+00
3.361312801098469638e+00
4.171438676223764297e+00
4.289927677420816821e+00
2.588256626337072319e+00
5.727756030957645628e+00
8.189543699461538040e+00
4.171438676223764297e+00
3.075697720105485367e+00
2.821062455300170857e+00
6.607112540912544851e+00
8.189543699461538040e+00
4.737274003958602542e+00
4.737274003958602542e+00
3.877360660186340180e+00
3.877360660186340180e+00
1.908434621255530317e+00
4.064238626860063874e+00
4.737274003958602542e+00
8.189543699461538040e+00
4.737274003958602542e+00
5.413248101257776668e+00
8.189543699461538040e+00
4.737274003958602542e+00
2.922805478880585284e+00
3.877360660186340180e+00
7.261406065208782401e+00
3.185615895471346715e+00
4.929023602191341169e+00
3.795243948471185735e+00
4.569753639274804158e+00
3.877360660186340180e+00
7.261406065208782401e+00
5.727756030957645628e+00
9.651108271786734250e+00
5.151363564107256821e+00
7.261406065208782401e+00
1.718571090682599278e+00
3.361312801098469638e+00
4.929023602191341169e+00
8.189543699461538040e+00
7.261406065208782401e+00
6.607112540912544851e+00
4.289927677420816821e+00
5.151363564107256821e+00
2.922805478880585284e+00
2.895877836676787886e+00
3.966660337563596705e+00
4.737274003958602542e+00
7.261406065208782401e+00
1.245746553947521562e+01
2.754011692110180043e+00
2.239816435045531406e+00
6.114891268909794064e+00
8.189543699461538040e+00
3.411802010949121833e+00
3.649095404287310274e+00
3.465456848798366352e+00
7.261406065208782401e+00
5.413248101257776668e+00
5.413248101257776668e+00
5.151363564107256821e+00
4.929023602191341169e+00
4.929023602191341169e+00
3.110585273939081130e+00
4.171438676223764297e+00
3.411802010949121833e+00
4.929023602191341169e+00
3.649095404287310274e+00
1.895422671244522128e+00
2.411957670666561526e+00
5.727756030957645628e+00
2.486132180720641571e+00
6.607112540912544851e+00
3.411802010949121833e+00
3.465456848798366352e+00
3.795243948471185735e+00
3.465456848798366352e+00
7.261406065208782401e+00
2.638493701287663029e+00
6.114891268909794064e+00
4.064238626860063874e+00
8.189543699461538040e+00
4.737274003958602542e+00
5.727756030957645628e+00
6.607112540912544851e+00
5.413248101257776668e+00
3.042387998908642199e+00
3.010542037488269429e+00
5.151363564107256821e+00
3.268684370869904487e+00
4.569753639274804158e+00
5.413248101257776668e+00
3.313693202063230370e+00
3.361312801098469638e+00
4.929023602191341169e+00
3.877360660186340180e+00
3.147177499975804871e+00
5.727756030957645628e+00
5.151363564107256821e+00
7.261406065208782401e+00
3.966660337563596705e+00
3.522617637752593289e+00
3.226058859512328070e+00
3.966660337563596705e+00
3.147177499975804871e+00
4.289927677420816821e+00
3.361312801098469638e+00
6.607112540912544851e+00
3.042387998908642199e+00
3.465456848798366352e+00
2.821062455300170857e+00
3.877360660186340180e+00
4.737274003958602542e+00
9.651108271786734250e+00
4.064238626860063874e+00
4.064238626860063874e+00
3.719406483205643266e+00
7.261406065208782401e+00
8.189543699461538040e+00
6.607112540912544851e+00
5.151363564107256821e+00
7.261406065208782401e+00
7.261406065208782401e+00
6.114891268909794064e+00
5.151363564107256821e+00
8.189543699461538040e+00
7.261406065208782401e+00
3.465456848798366352e+00
5.727756030957645628e+00
4.737274003958602542e+00
6.607112540912544851e+00
6.607112540912544851e+00
8.189543699461538040e+00
2.797917091046687954e+00
3.075697720105485367e+00
3.877360660186340180e+00
5.413248101257776668e+00
5.151363564107256821e+00
4.737274003958602542e+00
4.569753639274804158e+00
3.361312801098469638e+00
4.064238626860063874e+00
4.737274003958602542e+00
2.797917091046687954e+00
4.569753639274804158e+00
5.727756030957645628e+00
2.572452775651908663e+00
6.607112540912544851e+00
1.245746553947521562e+01
3.877360660186340180e+00
3.185615895471346715e+00
3.719406483205643266e+00
3.877360660186340180e+00
3.877360660186340180e+00
2.950839564932278059e+00
3.042387998908642199e+00
5.727756030957645628e+00
8.189543699461538040e+00
3.719406483205643266e+00
4.737274003958602542e+00
6.114891268909794064e+00
5.413248101257776668e+00
5.727756030957645628e+00
2.922805478880585284e+00
4.171438676223764297e+00
5.727756030957645628e+00
6.607112540912544851e+00
6.607112540912544851e+00
6.607112540912544851e+00
2.869986578207355699e+00
2.980056928082100320e+00
2.797917091046687954e+00
3.522617637752593289e+00
2.460202888700870005e+00
4.289927677420816821e+00
6.607112540912544851e+00
6.607112540912544851e+00
3.185615895471346715e+00
3.966660337563596705e+00
2.110260252884825771e+00
7.261406065208782401e+00
4.737274003958602542e+00
5.151363564107256821e+00
3.465456848798366352e+00
2.572452775651908663e+00
3.110585273939081130e+00
2.950839564932278059e+00
3.795243948471185735e+00
2.733163874185629005e+00
6.114891268909794064e+00
3.411802010949121833e+00
4.737274003958602542e+00
3.966660337563596705e+00
5.151363564107256821e+00
8.189543699461538040e+00
4.289927677420816821e+00
6.607112540912544851e+00
8.189543699461538040e+00
2.754011692110180043e+00
3.649095404287310274e+00
4.929023602191341169e+00
9.651108271786734250e+00
4.569753639274804158e+00
4.569753639274804158e+00
4.569753639274804158e+00
3.042387998908642199e+00
4.737274003958602542e+00
4.171438676223764297e+00
4.929023602191341169e+00
3.583677881035240986e+00
4.171438676223764297e+00
7.261406065208782401e+00
5.151363564107256821e+00
5.151363564107256821e+00
6.607112540912544851e+00
3.795243948471185735e+00
2.674579972103274805e+00
3.313693202063230370e+00
5.151363564107256821e+00
8.189543699461538040e+00
8.189543699461538040e+00
3.966660337563596705e+00
4.929023602191341169e+00
4.929023602191341169e+00
2.621254278883553113e+00
6.114891268909794064e+00
2.389463394186748246e+00
5.151363564107256821e+00
3.185615895471346715e+00
3.719406483205643266e+00
2.290437072990777700e+00
9.651108271786734250e+00
6.607112540912544851e+00
5.727756030957645628e+00
4.737274003958602542e+00
7.261406065208782401e+00
8.189543699461538040e+00
4.064238626860063874e+00
5.413248101257776668e+00
5.727756030957645628e+00
4.289927677420816821e+00
4.289927677420816821e+00
4.569753639274804158e+00
4.569753639274804158e+00
4.171438676223764297e+00
8.189543699461538040e+00
9.651108271786734250e+00
2.110260252884825771e+00
5.413248101257776668e+00
7.261406065208782401e+00
4.171438676223764297e+00
3.411802010949121833e+00
6.114891268909794064e+00
9.651108271786734250e+00
9.651108271786734250e+00
1.245746553947521562e+01
3.465456848798366352e+00
4.289927677420816821e+00
4.064238626860063874e+00
4.421804392808938999e+00
4.569753639274804158e+00
5.151363564107256821e+00
8.189543699461538040e+00
2.003886705684808867e+00
3.147177499975804871e+00
3.795243948471185735e+00
5.151363564107256821e+00
6.607112540912544851e+00
7.261406065208782401e+00
8.189543699461538040e+00
3.795243948471185735e+00
4.064238626860063874e+00
6.607112540912544851e+00
3.795243948471185735e+00
2.400583281188859441e+00
3.877360660186340180e+00
3.042387998908642199e+00
4.289927677420816821e+00
6.114891268909794064e+00
3.522617637752593289e+00
2.869986578207355699e+00
4.289927677420816821e+00
2.389463394186748246e+00
5.413248101257776668e+00
5.413248101257776668e+00
2.239816435045531406e+00
5.727756030957645628e+00
4.929023602191341169e+00
4.929023602191341169e+00
3.465456848798366352e+00
2.435509388404172526e+00
7.261406065208782401e+00
7.261406065208782401e+00
3.649095404287310274e+00
6.607112540912544851e+00
7.261406065208782401e+00
4.737274003958602542e+00
8.189543699461538040e+00
3.583677881035240986e+00
4.737274003958602542e+00
3.649095404287310274e+00
2.435509388404172526e+00
7.261406065208782401e+00
6.607112540912544851e+00
4.421804392808938999e+00
6.114891268909794064e+00
6.114891268909794064e+00
6.607112540912544851e+00
4.737274003958602542e+00
5.413248101257776668e+00
4.171438676223764297e+00
2.797917091046687954e+00
5.727756030957645628e+00
3.877360660186340180e+00
6.114891268909794064e+00
4.929023602191341169e+00
4.569753639274804158e+00
8.189543699461538040e+00
8.189543699461538040e+00
8.189543699461538040e+00
2.712999621014341223e+00
6.114891268909794064e+00
5.727756030957645628e+00
6.607112540912544851e+00
3.966660337563596705e+00
3.966660337563596705e+00
7.261406065208782401e+00
7.261406065208782401e+00
5.727756030957645628e+00
2.557084228718982555e+00
2.110260252884825771e+00
5.727756030957645628e+00
1.817041609344294040e+00
2.224149115211875749e+00
3.268684370869904487e+00
3.795243948471185735e+00
5.151363564107256821e+00
5.413248101257776668e+00
7.261406065208782401e+00
3.719406483205643266e+00
8.189543699461538040e+00
7.261406065208782401e+00
6.114891268909794064e+00
8.189543699461538040e+00
4.289927677420816821e+00
3.147177499975804871e+00
4.421804392808938999e+00
1.666200002785948708e+00
4.737274003958602542e+00
3.649095404287310274e+00
4.064238626860063874e+00
2.638493701287663029e+00
4.171438676223764297e+00
3.010542037488269429e+00
6.607112540912544851e+00
6.114891268909794064e+00
6.607112540912544851e+00
4.289927677420816821e+00
5.727756030957645628e+00
4.929023602191341169e+00
2.327602094117355414e+00
1.827061359441424004e+00
2.557084228718982555e+00
3.966660337563596705e+00
2.797917091046687954e+00
4.289927677420816821e+00
5.727756030957645628e+00
2.656259926708256280e+00
4.929023602191341169e+00
8.189543699461538040e+00
3.966660337563596705e+00
4.929023602191341169e+00
5.151363564107256821e+00
6.607112540912544851e+00
4.929023602191341169e+00
4.929023602191341169e+00
4.289927677420816821e+00
3.795243948471185735e+00
4.569753639274804158e+00
4.289927677420816821e+00
3.268684370869904487e+00
5.727756030957645628e+00
2.604516442935326026e+00
3.268684370869904487e+00
4.171438676223764297e+00
6.607112540912544851e+00
6.114891268909794064e+00
5.151363564107256821e+00
7.261406065208782401e+00
3.522617637752593289e+00
9.651108271786734250e+00
8.189543699461538040e+00
3.877360660186340180e+00
8.189543699461538040e+00
9.651108271786734250e+00
4.289927677420816821e+00
1.824524003024598606e+00
4.421804392808938999e+00
3.795243948471185735e+00
2.473006769164366681e+00
6.607112540912544851e+00
6.114891268909794064e+00
3.795243948471185735e+00
7.261406065208782401e+00
8.189543699461538040e+00
9.651108271786734250e+00
6.607112540912544851e+00
4.569753639274804158e+00
6.607112540912544851e+00
4.064238626860063874e+00
6.607112540912544851e+00
4.737274003958602542e+00
2.674579972103274805e+00
8.189543699461538040e+00
8.189543699461538040e+00
2.231912588261307118e+00
7.261406065208782401e+00
3.795243948471185735e+00
4.737274003958602542e+00
3.147177499975804871e+00
5.413248101257776668e+00
2.895877836676787886e+00
6.607112540912544851e+00
4.064238626860063874e+00
9.651108271786734250e+00
5.413248101257776668e+00
7.261406065208782401e+00
7.261406065208782401e+00
4.737274003958602542e+00
5.151363564107256821e+00
7.261406065208782401e+00
2.869986578207355699e+00
3.075697720105485367e+00
3.966660337563596705e+00
4.737274003958602542e+00
3.966660337563596705e+00
4.569753639274804158e+00
3.583677881035240986e+00
9.651108271786734250e+00
4.737274003958602542e+00
5.151363564107256821e+00
8.189543699461538040e+00
3.966660337563596705e+00
9.651108271786734250e+00
7.261406065208782401e+00
8.189543699461538040e+00
4.929023602191341169e+00
3.719406483205643266e+00
2.357540667676594204e+00
2.869986578207355699e+00
6.607112540912544851e+00
3.966660337563596705e+00
6.607112540912544851e+00
4.289927677420816821e+00
3.226058859512328070e+00
9.651108271786734250e+00
6.607112540912544851e+00
3.268684370869904487e+00
3.966660337563596705e+00
3.313693202063230370e+00
3.313693202063230370e+00
5.413248101257776668e+00
8.189543699461538040e+00
6.114891268909794064e+00
5.727756030957645628e+00
6.114891268909794064e+00
3.313693202063230370e+00
8.189543699461538040e+00
6.607112540912544851e+00
4.289927677420816821e+00
6.607112540912544851e+00
8.189543699461538040e+00
9.651108271786734250e+00
4.064238626860063874e+00
4.421804392808938999e+00
5.413248101257776668e+00
4.737274003958602542e+00
4.421804392808938999e+00
3.966660337563596705e+00
7.261406065208782401e+00
7.261406065208782401e+00
6.607112540912544851e+00
5.413248101257776668e+00
5.727756030957645628e+00
8.189543699461538040e+00
4.064238626860063874e+00
5.727756030957645628e+00
4.421804392808938999e+00
5.727756030957645628e+00
9.651108271786734250e+00
7.261406065208782401e+00
7.261406065208782401e+00
4.737274003958602542e+00
6.607112540912544851e+00
4.737274003958602542e+00
6.607112540912544851e+00
7.261406065208782401e+00
8.189543699461538040e+00
9.651108271786734250e+00
8.189543699461538040e+00
2.821062455300170857e+00
5.151363564107256821e+00
8.189543699461538040e+00
4.289927677420816821e+00
9.651108271786734250e+00
7.261406065208782401e+00
3.795243948471185735e+00
2.895877836676787886e+00
5.727756030957645628e+00
6.114891268909794064e+00
4.421804392808938999e+00
3.583677881035240986e+00
4.929023602191341169e+00
6.607112540912544851e+00
5.413248101257776668e+00
8.189543699461538040e+00
8.189543699461538040e+00
3.719406483205643266e+00
2.604516442935326026e+00
7.261406065208782401e+00
5.727756030957645628e+00
4.289927677420816821e+00
9.651108271786734250e+00
3.649095404287310274e+00
4.737274003958602542e+00
4.569753639274804158e+00
3.877360660186340180e+00
6.607112540912544851e+00
4.737274003958602542e+00
4.737274003958602542e+00
3.465456848798366352e+00
3.110585273939081130e+00
7.261406065208782401e+00
7.261406065208782401e+00
5.727756030957645628e+00
8.189543699461538040e+00
4.929023602191341169e+00
9.651108271786734250e+00
4.929023602191341169e+00
7.261406065208782401e+00
4.064238626860063874e+00
6.607112540912544851e+00
4.737274003958602542e+00
5.151363564107256821e+00
5.413248101257776668e+00
6.114891268909794064e+00
7.261406065208782401e+00
4.737274003958602542e+00
4.569753639274804158e+00
4.737274003958602542e+00
4.064238626860063874e+00
6.607112540912544851e+00
8.189543699461538040e+00
3.226058859512328070e+00
7.261406065208782401e+00
9.651108271786734250e+00
5.151363564107256821e+00
5.151363564107256821e+00
4.421804392808938999e+00
3.966660337563596705e+00
3.966660337563596705e+00
6.607112540912544851e+00
5.727756030957645628e+00
6.607112540912544851e+00
7.261406065208782401e+00
4.929023602191341169e+00
3.795243948471185735e+00
7.261406065208782401e+00
7.261406065208782401e+00
3.411802010949121833e+00
8.189543699461538040e+00
8.189543699461538040e+00
7.261406065208782401e+00
4.569753639274804158e+00
5.727756030957645628e+00
4.064238626860063874e+00
8.189543699461538040e+00
5.151363564107256821e+00
7.261406065208782401e+00
4.737274003958602542e+00
8.189543699461538040e+00
6.114891268909794064e+00
3.877360660186340180e+00
3.966660337563596705e+00
2.542131604121394606e+00
8.189543699461538040e+00
7.261406065208782401e+00
4.171438676223764297e+00
3.877360660186340180e+00
4.929023602191341169e+00
6.114891268909794064e+00
8.189543699461538040e+00
8.189543699461538040e+00
9.651108271786734250e+00
7.261406065208782401e+00
1.245746553947521562e+01
7.261406065208782401e+00
3.649095404287310274e+00
9.651108271786734250e+00
2.775582050818327318e+00
4.929023602191341169e+00
8.189543699461538040e+00
1.245746553947521562e+01
8.189543699461538040e+00
9.651108271786734250e+00
6.607112540912544851e+00
6.114891268909794064e+00
4.929023602191341169e+00
9.651108271786734250e+00
4.171438676223764297e+00
2.980056928082100320e+00
1.245746553947521562e+01
6.607112540912544851e+00
5.151363564107256821e+00
7.261406065208782401e+00
5.413248101257776668e+00
5.151363564107256821e+00
9.651108271786734250e+00
2.950839564932278059e+00
4.421804392808938999e+00
3.719406483205643266e+00
4.171438676223764297e+00
8.189543699461538040e+00
6.607112540912544851e+00
4.171438676223764297e+00
3.465456848798366352e+00
3.465456848798366352e+00
3.522617637752593289e+00
3.361312801098469638e+00
9.651108271786734250e+00
2.389463394186748246e+00
3.966660337563596705e+00
6.607112540912544851e+00
8.189543699461538040e+00
4.171438676223764297e+00
3.966660337563596705e+00
4.289927677420816821e+00
5.727756030957645628e+00
4.421804392808938999e+00
6.114891268909794064e+00
7.261406065208782401e+00
7.261406065208782401e+00
3.966660337563596705e+00
4.737274003958602542e+00
7.261406065208782401e+00
8.189543699461538040e+00
6.607112540912544851e+00
5.727756030957645628e+00
8.189543699461538040e+00
7.261406065208782401e+00
6.114891268909794064e+00
6.607112540912544851e+00
2.638493701287663029e+00
8.189543699461538040e+00
9.651108271786734250e+00
8.189543699461538040e+00
2.400583281188859441e+00
2.299452595676923838e+00
9.651108271786734250e+00
7.261406065208782401e+00
9.651108271786734250e+00
8.189543699461538040e+00
9.651108271786734250e+00
7.261406065208782401e+00
4.737274003958602542e+00
4.289927677420816821e+00
4.421804392808938999e+00
4.289927677420816821e+00
6.607112540912544851e+00
2.869986578207355699e+00
6.607112540912544851e+00
1.245746553947521562e+01
8.189543699461538040e+00
7.261406065208782401e+00
6.114891268909794064e+00
5.727756030957645628e+00
5.151363564107256821e+00
7.261406065208782401e+00
6.607112540912544851e+00
3.522617637752593289e+00
4.737274003958602542e+00
4.421804392808938999e+00
3.411802010949121833e+00
5.413248101257776668e+00
6.607112540912544851e+00
4.929023602191341169e+00
7.261406065208782401e+00
8.189543699461538040e+00
4.929023602191341169e+00
4.289927677420816821e+00
9.651108271786734250e+00
9.651108271786734250e+00
6.607112540912544851e+00
9.651108271786734250e+00
8.189543699461538040e+00
3.226058859512328070e+00
2.922805478880585284e+00
8.189543699461538040e+00
5.413248101257776668e+00
1.245746553947521562e+01
9.651108271786734250e+00
7.261406065208782401e+00
5.413248101257776668e+00
8.189543699461538040e+00
8.189543699461538040e+00
6.114891268909794064e+00
7.261406065208782401e+00
8.189543699461538040e+00
3.361312801098469638e+00
9.651108271786734250e+00
3.147177499975804871e+00
6.607112540912544851e+00
3.966660337563596705e+00
9.651108271786734250e+00
4.929023602191341169e+00
3.268684370869904487e+00
5.151363564107256821e+00
7.261406065208782401e+00
6.607112540912544851e+00
2.980056928082100320e+00
6.607112540912544851e+00
9.651108271786734250e+00
8.189543699461538040e+00
7.261406065208782401e+00
1.245746553947521562e+01
1.245746553947521562e+01
1.245746553947521562e+01
9.651108271786734250e+00
8.189543699461538040e+00
6.114891268909794064e+00
3.522617637752593289e+00
1.245746553947521562e+01
3.877360660186340180e+00
6.607112540912544851e+00
6.114891268909794064e+00
8.189543699461538040e+00
3.010542037488269429e+00
5.151363564107256821e+00
5.151363564107256821e+00
1.245746553947521562e+01
1.245746553947521562e+01
7.261406065208782401e+00
5.413248101257776668e+00
7.261406065208782401e+00
9.651108271786734250e+00
4.737274003958602542e+00
6.114891268909794064e+00
7.261406065208782401e+00
2.527576701181793339e+00
1.954711751229160965e+00
3.877360660186340180e+00
6.607112540912544851e+00
4.737274003958602542e+00
5.727756030957645628e+00
9.651108271786734250e+00
6.607112540912544851e+00
4.171438676223764297e+00
2.754011692110180043e+00
9.651108271786734250e+00
9.651108271786734250e+00
5.727756030957645628e+00
6.607112540912544851e+00
5.151363564107256821e+00
7.261406065208782401e+00
2.231912588261307118e+00
2.128190475420010053e+00
9.651108271786734250e+00
8.189543699461538040e+00
6.114891268909794064e+00
8.189543699461538040e+00
4.737274003958602542e+00
9.651108271786734250e+00
5.727756030957645628e+00
9.651108271786734250e+00
3.719406483205643266e+00
6.114891268909794064e+00
3.966660337563596705e+00
8.189543699461538040e+00
2.557084228718982555e+00
9.651108271786734250e+00
9.651108271786734250e+00
9.651108271786734250e+00
7.261406065208782401e+00
1.245746553947521562e+01
4.569753639274804158e+00
7.261406065208782401e+00
9.651108271786734250e+00
7.261406065208782401e+00
6.114891268909794064e+00
6.607112540912544851e+00
5.413248101257776668e+00
1.245746553947521562e+01
8.189543699461538040e+00
1.245746553947521562e+01
1.245746553947521562e+01
2.712999621014341223e+00
1.245746553947521562e+01
3.522617637752593289e+00
3.313693202063230370e+00
6.607112540912544851e+00
5.413248101257776668e+00
4.569753639274804158e+00
9.651108271786734250e+00
9.651108271786734250e+00
5.413248101257776668e+00
6.607112540912544851e+00
2.045826141403219722e+00
3.795243948471185735e+00
9.651108271786734250e+00
7.261406065208782401e+00
7.261406065208782401e+00
5.727756030957645628e+00
9.651108271786734250e+00
8.189543699461538040e+00
1.245746553947521562e+01
1.895422671244522128e+00
9.651108271786734250e+00
1.245746553947521562e+01
9.651108271786734250e+00
8.189543699461538040e+00
9.651108271786734250e+00
3.583677881035240986e+00
6.114891268909794064e+00
3.966660337563596705e+00
3.411802010949121833e+00
2.754011692110180043e+00
6.114891268909794064e+00
5.413248101257776668e+00
2.411957670666561526e+00
4.929023602191341169e+00
3.795243948471185735e+00
4.929023602191341169e+00
6.607112540912544851e+00
9.651108271786734250e+00
1.245746553947521562e+01
6.607112540912544851e+00
7.261406065208782401e+00
9.651108271786734250e+00
7.261406065208782401e+00
8.189543699461538040e+00
5.727756030957645628e+00
4.737274003958602542e+00
6.607112540912544851e+00
3.268684370869904487e+00
7.261406065208782401e+00
8.189543699461538040e+00
5.413248101257776668e+00
7.261406065208782401e+00
3.522617637752593289e+00
2.040921372147649571e+00
5.413248101257776668e+00
9.651108271786734250e+00
8.189543699461538040e+00
1.848184518724541592e+00
3.411802010949121833e+00
2.473006769164366681e+00
3.226058859512328070e+00
7.261406065208782401e+00
3.877360660186340180e+00
7.261406065208782401e+00
7.261406065208782401e+00
1.928990849569548027e+00
3.966660337563596705e+00
7.261406065208782401e+00
3.719406483205643266e+00
4.421804392808938999e+00
6.607112540912544851e+00
7.261406065208782401e+00
1.245746553947521562e+01
5.413248101257776668e+00
2.146961460906348762e+00
2.588256626337072319e+00
8.189543699461538040e+00
6.607112540912544851e+00
7.261406065208782401e+00
3.795243948471185735e+00
5.413248101257776668e+00
6.607112540912544851e+00
1.245746553947521562e+01
6.607112540912544851e+00
7.261406065208782401e+00
6.114891268909794064e+00
2.389463394186748246e+00
3.877360660186340180e+00
2.869986578207355699e+00
3.795243948471185735e+00
2.337373773272910071e+00
3.795243948471185735e+00
6.607112540912544851e+00
5.413248101257776668e+00
6.114891268909794064e+00
3.877360660186340180e+00
3.522617637752593289e+00
3.966660337563596705e+00
3.313693202063230370e+00
4.171438676223764297e+00
8.189543699461538040e+00
8.189543699461538040e+00
1.245746553947521562e+01
3.075697720105485367e+00
9.651108271786734250e+00
4.929023602191341169e+00
5.727756030957645628e+00
6.114891268909794064e+00
5.413248101257776668e+00
4.569753639274804158e+00
9.651108271786734250e+00
5.413248101257776668e+00
1.245746553947521562e+01
1.245746553947521562e+01
9.651108271786734250e+00
4.569753639274804158e+00
2.775582050818327318e+00
1.245746553947521562e+01
7.261406065208782401e+00
7.261406065208782401e+00
6.607112540912544851e+00
3.719406483205643266e+00
3.795243948471185735e+00
4.929023602191341169e+00
3.795243948471185735e+00
1.245746553947521562e+01
8.189543699461538040e+00
8.189543699461538040e+00
3.966660337563596705e+00
7.261406065208782401e+00
4.929023602191341169e+00
6.607112540912544851e+00
4.929023602191341169e+00
6.114891268909794064e+00
1.245746553947521562e+01
6.114891268909794064e+00
7.261406065208782401e+00
4.737274003958602542e+00
8.189543699461538040e+00
2.542131604121394606e+00
3.966660337563596705e+00
4.289927677420816821e+00
1.245746553947521562e+01
9.651108271786734250e+00
5.151363564107256821e+00
7.261406065208782401e+00
4.929023602191341169e+00
1.943445405500457968e+00
7.261406065208782401e+00
6.607112540912544851e+00
7.261406065208782401e+00
6.114891268909794064e+00
9.651108271786734250e+00
4.569753639274804158e+00
4.289927677420816821e+00
6.114891268909794064e+00
1.245746553947521562e+01
5.727756030957645628e+00
4.929023602191341169e+00
4.737274003958602542e+00
4.289927677420816821e+00
2.869986578207355699e+00
9.651108271786734250e+00
8.189543699461538040e+00
7.261406065208782401e+00
6.114891268909794064e+00
5.727756030957645628e+00
5.151363564107256821e+00
2.950839564932278059e+00
9.651108271786734250e+00
4.421804392808938999e+00
6.607112540912544851e+00
2.754011692110180043e+00
2.980056928082100320e+00
2.922805478880585284e+00
9.651108271786734250e+00
4.929023602191341169e+00
3.411802010949121833e+00
2.980056928082100320e+00
5.151363564107256821e+00
5.413248101257776668e+00
5.413248101257776668e+00
6.114891268909794064e+00
9.651108271786734250e+00
7.261406065208782401e+00
6.607112540912544851e+00
3.966660337563596705e+00
9.651108271786734250e+00
3.110585273939081130e+00
1.245746553947521562e+01
5.727756030957645628e+00
9.651108271786734250e+00
6.114891268909794064e+00
9.651108271786734250e+00
5.727756030957645628e+00
4.421804392808938999e+00
9.651108271786734250e+00
6.607112540912544851e+00
6.114891268909794064e+00
9.651108271786734250e+00
4.064238626860063874e+00
1.245746553947521562e+01
3.649095404287310274e+00
4.929023602191341169e+00
1.245746553947521562e+01
6.114891268909794064e+00
7.261406065208782401e+00
8.189543699461538040e+00
7.261406065208782401e+00
7.261406065208782401e+00
9.651108271786734250e+00
7.261406065208782401e+00
5.413248101257776668e+00
9.651108271786734250e+00
6.607112540912544851e+00
6.114891268909794064e+00
8.189543699461538040e+00
4.929023602191341169e+00
5.727756030957645628e+00
4.737274003958602542e+00
9.651108271786734250e+00
1.245746553947521562e+01
4.737274003958602542e+00
7.261406065208782401e+00
4.569753639274804158e+00
4.737274003958602542e+00
9.651108271786734250e+00
8.189543699461538040e+00
5.727756030957645628e+00
6.114891268909794064e+00
9.651108271786734250e+00
5.151363564107256821e+00
7.261406065208782401e+00
4.737274003958602542e+00
6.607112540912544851e+00
5.727756030957645628e+00
8.189543699461538040e+00
9.651108271786734250e+00
7.261406065208782401e+00
9.651108271786734250e+00
8.189543699461538040e+00
4.737274003958602542e+00
9.651108271786734250e+00
7.261406065208782401e+00
7.261406065208782401e+00
4.421804392808938999e+00
6.607112540912544851e+00
6.607112540912544851e+00
7.261406065208782401e+00
3.795243948471185735e+00
7.261406065208782401e+00
4.289927677420816821e+00
1.245746553947521562e+01
3.522617637752593289e+00
8.189543699461538040e+00
8.189543699461538040e+00
4.289927677420816821e+00
7.261406065208782401e+00
4.289927677420816821e+00
9.651108271786734250e+00
9.651108271786734250e+00
8.189543699461538040e+00
9.651108271786734250e+00
3.795243948471185735e+00
9.651108271786734250e+00
7.261406065208782401e+00
8.189543699461538040e+00
9.651108271786734250e+00
8.189543699461538040e+00
9.651108271786734250e+00
8.189543699461538040e+00
7.261406065208782401e+00
6.607112540912544851e+00
5.727756030957645628e+00
9.651108271786734250e+00
6.607112540912544851e+00
2.572452775651908663e+00
4.929023602191341169e+00
7.261406065208782401e+00
5.727756030957645628e+00
8.189543699461538040e+00
6.114891268909794064e+00
7.261406065208782401e+00
6.114891268909794064e+00
1.245746553947521562e+01
4.569753639274804158e+00
5.413248101257776668e+00
3.877360660186340180e+00
4.064238626860063874e+00
9.651108271786734250e+00
4.289927677420816821e+00
1.245746553947521562e+01
7.261406065208782401e+00
2.754011692110180043e+00
3.522617637752593289e+00
8.189543699461538040e+00
8.189543699461538040e+00
8.189543699461538040e+00
5.727756030957645628e+00
6.607112540912544851e+00
9.651108271786734250e+00
3.361312801098469638e+00
8.189543699461538040e+00
6.607112540912544851e+00
9.651108271786734250e+00
2.357540667676594204e+00
9.651108271786734250e+00
3.010542037488269429e+00
8.189543699461538040e+00
1.245746553947521562e+01
9.651108271786734250e+00
3.719406483205643266e+00
6.607112540912544851e+00
8.189543699461538040e+00
9.651108271786734250e+00
6.114891268909794064e+00
1.245746553947521562e+01
2.423596289114535729e+00
5.413248101257776668e+00
4.064238626860063874e+00
9.651108271786734250e+00
3.361312801098469638e+00
7.261406065208782401e+00
4.289927677420816821e+00
5.413248101257776668e+00
3.966660337563596705e+00
2.012795878852461140e+00
6.114891268909794064e+00
8.189543699461538040e+00
5.727756030957645628e+00
9.651108271786734250e+00
1.245746553947521562e+01
7.261406065208782401e+00
8.189543699461538040e+00
3.583677881035240986e+00
4.929023602191341169e+00
9.651108271786734250e+00
9.651108271786734250e+00
6.607112540912544851e+00
8.189543699461538040e+00
4.737274003958602542e+00
1.245746553947521562e+01
7.261406065208782401e+00
5.413248101257776668e+00
7.261406065208782401e+00
8.189543699461538040e+00
8.189543699461538040e+00
9.651108271786734250e+00
6.607112540912544851e+00
1.245746553947521562e+01
9.651108271786734250e+00
3.877360660186340180e+00
6.607112540912544851e+00
6.607112540912544851e+00
4.929023602191341169e+00
9.651108271786734250e+00
9.651108271786734250e+00
1.245746553947521562e+01
7.261406065208782401e+00
9.651108271786734250e+00
9.651108271786734250e+00
4.569753639274804158e+00
8.189543699461538040e+00
8.189543699461538040e+00
3.795243948471185735e+00
6.607112540912544851e+00
5.413248101257776668e+00
3.877360660186340180e+00
1.245746553947521562e+01
6.607112540912544851e+00
6.114891268909794064e+00
5.151363564107256821e+00
6.114891268909794064e+00
7.261406065208782401e+00
4.929023602191341169e+00
9.651108271786734250e+00
9.651108271786734250e+00
5.727756030957645628e+00
8.189543699461538040e+00
9.651108271786734250e+00
6.607112540912544851e+00
9.651108271786734250e+00
8.189543699461538040e+00
6.607112540912544851e+00
6.114891268909794064e+00
6.114891268909794064e+00
3.361312801098469638e+00
9.651108271786734250e+00
5.727756030957645628e+00
2.712999621014341223e+00
4.171438676223764297e+00
6.114891268909794064e+00
8.189543699461538040e+00
1.245746553947521562e+01
1.245746553947521562e+01
8.189543699461538040e+00
9.651108271786734250e+00
9.651108271786734250e+00
6.607112540912544851e+00
9.651108271786734250e+00
4.171438676223764297e+00
9.651108271786734250e+00
5.727756030957645628e+00
9.651108271786734250e+00
4.929023602191341169e+00
6.607112540912544851e+00
6.114891268909794064e+00
6.607112540912544851e+00
4.569753639274804158e+00
3.583677881035240986e+00
9.651108271786734250e+00
5.151363564107256821e+00
6.607112540912544851e+00
6.114891268909794064e+00
9.651108271786734250e+00
7.261406065208782401e+00
6.114891268909794064e+00
6.607112540912544851e+00
5.151363564107256821e+00
5.413248101257776668e+00
9.651108271786734250e+00
7.261406065208782401e+00
6.114891268909794064e+00
2.122123418770472281e+00
7.261406065208782401e+00
6.607112540912544851e+00
6.114891268909794064e+00
3.075697720105485367e+00
4.289927677420816821e+00
9.651108271786734250e+00
3.877360660186340180e+00
4.289927677420816821e+00
2.950839564932278059e+00
6.114891268909794064e+00
1.245746553947521562e+01
8.189543699461538040e+00
2.087557921850521581e+00
7.261406065208782401e+00
4.569753639274804158e+00
9.651108271786734250e+00
1.245746553947521562e+01
6.607112540912544851e+00
6.114891268909794064e+00
9.651108271786734250e+00
4.569753639274804158e+00
7.261406065208782401e+00
9.651108271786734250e+00
9.651108271786734250e+00
3.966660337563596705e+00
4.929023602191341169e+00
9.651108271786734250e+00
8.189543699461538040e+00
4.929023602191341169e+00
8.189543699461538040e+00
4.737274003958602542e+00
9.651108271786734250e+00
9.651108271786734250e+00
6.114891268909794064e+00
5.413248101257776668e+00
9.651108271786734250e+00
3.185615895471346715e+00
9.651108271786734250e+00
4.171438676223764297e+00
2.231912588261307118e+00
3.147177499975804871e+00
2.845067669753806427e+00
8.189543699461538040e+00
9.651108271786734250e+00
2.513402409322205155e+00
9.651108271786734250e+00
6.114891268909794064e+00
9.651108271786734250e+00
9.651108271786734250e+00
7.261406065208782401e+00
5.413248101257776668e+00
3.966660337563596705e+00
6.607112540912544851e+00
8.189543699461538040e+00
3.877360660186340180e+00
6.607112540912544851e+00
9.651108271786734250e+00
8.189543699461538040e+00
8.189543699461538040e+00
8.189543699461538040e+00
5.727756030957645628e+00
9.651108271786734250e+00
4.289927677420816821e+00
4.289927677420816821e+00
9.651108271786734250e+00
9.651108271786734250e+00
6.114891268909794064e+00
9.651108271786734250e+00
6.607112540912544851e+00
4.737274003958602542e+00
5.413248101257776668e+00
9.651108271786734250e+00
5.413248101257776668e+00
6.114891268909794064e+00
5.151363564107256821e+00
1.245746553947521562e+01
4.737274003958602542e+00
6.607112540912544851e+00
4.737274003958602542e+00
9.651108271786734250e+00
6.607112540912544851e+00
5.413248101257776668e+00
7.261406065208782401e+00
6.114891268909794064e+00
9.651108271786734250e+00
9.651108271786734250e+00
7.261406065208782401e+00
1.245746553947521562e+01
6.114891268909794064e+00
6.114891268909794064e+00
8.189543699461538040e+00
6.607112540912544851e+00
9.651108271786734250e+00
6.114891268909794064e+00
6.607112540912544851e+00
6.607112540912544851e+00
7.261406065208782401e+00
9.651108271786734250e+00
5.151363564107256821e+00
5.413248101257776668e+00
5.727756030957645628e+00
7.261406065208782401e+00
6.114891268909794064e+00
4.737274003958602542e+00
8.189543699461538040e+00
8.189543699461538040e+00
5.151363564107256821e+00
7.261406065208782401e+00
9.651108271786734250e+00
3.649095404287310274e+00
4.289927677420816821e+00
4.737274003958602542e+00
9.651108271786734250e+00
7.261406065208782401e+00
9.651108271786734250e+00
7.261406065208782401e+00
9.651108271786734250e+00
6.607112540912544851e+00
4.737274003958602542e+00
6.607112540912544851e+00
8.189543699461538040e+00
7.261406065208782401e+00
5.151363564107256821e+00
4.064238626860063874e+00
4.737274003958602542e+00
7.261406065208782401e+00
4.289927677420816821e+00
8.189543699461538040e+00
7.261406065208782401e+00
1.245746553947521562e+01
9.651108271786734250e+00
9.651108271786734250e+00
9.651108271786734250e+00
8.189543699461538040e+00
5.413248101257776668e+00
8.189543699461538040e+00
5.413248101257776668e+00
9.651108271786734250e+00
8.189543699461538040e+00
9.651108271786734250e+00
7.261406065208782401e+00
6.114891268909794064e+00
5.727756030957645628e+00
8.189543699461538040e+00
5.727756030957645628e+00
3.966660337563596705e+00
7.261406065208782401e+00
5.151363564107256821e+00
7.261406065208782401e+00
6.607112540912544851e+00
1.245746553947521562e+01
8.189543699461538040e+00
7.261406065208782401e+00
9.651108271786734250e+00
8.189543699461538040e+00
8.189543699461538040e+00
4.569753639274804158e+00
8.189543699461538040e+00
7.261406065208782401e+00
3.649095404287310274e+00
8.189543699461538040e+00
7.261406065208782401e+00
6.114891268909794064e+00
9.651108271786734250e+00
8.189543699461538040e+00
6.607112540912544851e+00
9.651108271786734250e+00
9.651108271786734250e+00
6.607112540912544851e+00
5.727756030957645628e+00
4.421804392808938999e+00
6.607112540912544851e+00
5.727756030957645628e+00
1.245746553947521562e+01
8.189543699461538040e+00
7.261406065208782401e+00
8.189543699461538040e+00
6.607112540912544851e+00
4.421804392808938999e+00
5.413248101257776668e+00
9.651108271786734250e+00
6.114891268909794064e+00
8.189543699461538040e+00
8.189543699461538040e+00
5.151363564107256821e+00
7.261406065208782401e+00
7.261406065208782401e+00
2.869986578207355699e+00
4.929023602191341169e+00
4.929023602191341169e+00
7.261406065208782401e+00
4.421804392808938999e+00
5.413248101257776668e+00
8.189543699461538040e+00
9.651108271786734250e+00
3.185615895471346715e+00
1.245746553947521562e+01
8.189543699461538040e+00
6.114891268909794064e+00
5.413248101257776668e+00
3.522617637752593289e+00
9.651108271786734250e+00
8.189543699461538040e+00
7.261406065208782401e+00
3.313693202063230370e+00
9.651108271786734250e+00
5.727756030957645628e+00
8.189543699461538040e+00
9.651108271786734250e+00
6.607112540912544851e+00
6.607112540912544851e+00
9.651108271786734250e+00
6.607112540912544851e+00
8.189543699461538040e+00
7.261406065208782401e+00
7.261406065208782401e+00
6.114891268909794064e+00
8.189543699461538040e+00
1.245746553947521562e+01
4.171438676223764297e+00
7.261406065208782401e+00
9.651108271786734250e+00
1.245746553947521562e+01
9.651108271786734250e+00
6.607112540912544851e+00
3.361312801098469638e+00
9.651108271786734250e+00
6.607112540912544851e+00
8.189543699461538040e+00
9.651108271786734250e+00
6.607112540912544851e+00
8.189543699461538040e+00
7.261406065208782401e+00
7.261406065208782401e+00
1.245746553947521562e+01
9.651108271786734250e+00
4.064238626860063874e+00
7.261406065208782401e+00
5.151363564107256821e+00
4.737274003958602542e+00
6.114891268909794064e+00
9.651108271786734250e+00
9.651108271786734250e+00
6.114891268909794064e+00
9.651108271786734250e+00
8.189543699461538040e+00
8.189543699461538040e+00
6.114891268909794064e+00
7.261406065208782401e+00
9.651108271786734250e+00
8.189543699461538040e+00
8.189543699461538040e+00
9.651108271786734250e+00
1.245746553947521562e+01
9.651108271786734250e+00
8.189543699461538040e+00
6.114891268909794064e+00
8.189543699461538040e+00
8.189543699461538040e+00
9.651108271786734250e+00
9.651108271786734250e+00
4.171438676223764297e+00
5.413248101257776668e+00
8.189543699461538040e+00
5.727756030957645628e+00
7.261406065208782401e+00
7.261406065208782401e+00
9.651108271786734250e+00
9.651108271786734250e+00
6.607112540912544851e+00
5.413248101257776668e+00
9.651108271786734250e+00
9.651108271786734250e+00
6.607112540912544851e+00
9.651108271786734250e+00
1.245746553947521562e+01
6.607112540912544851e+00
3.147177499975804871e+00
7.261406065208782401e+00
9.651108271786734250e+00
6.607112540912544851e+00
7.261406065208782401e+00
8.189543699461538040e+00
7.261406065208782401e+00
1.245746553947521562e+01
7.261406065208782401e+00
6.114891268909794064e+00
8.189543699461538040e+00
9.651108271786734250e+00
6.607112540912544851e+00
1.245746553947521562e+01
4.737274003958602542e+00
8.189543699461538040e+00
4.569753639274804158e+00
6.114891268909794064e+00
9.651108271786734250e+00
9.651108271786734250e+00
9.651108271786734250e+00
6.114891268909794064e+00
9.651108271786734250e+00
6.607112540912544851e+00
7.261406065208782401e+00
7.261406065208782401e+00
4.171438676223764297e+00
9.651108271786734250e+00
6.607112540912544851e+00
8.189543699461538040e+00
1.245746553947521562e+01
8.189543699461538040e+00
8.189543699461538040e+00
4.929023602191341169e+00
1.245746553947521562e+01
1.245746553947521562e+01
7.261406065208782401e+00
1.245746553947521562e+01
6.114891268909794064e+00
5.413248101257776668e+00
6.114891268909794064e+00
4.737274003958602542e+00
8.189543699461538040e+00
5.727756030957645628e+00
6.607112540912544851e+00
8.189543699461538040e+00
5.727756030957645628e+00
3.966660337563596705e+00
6.607112540912544851e+00
5.727756030957645628e+00
8.189543699461538040e+00
1.245746553947521562e+01
5.727756030957645628e+00
1.245746553947521562e+01
7.261406065208782401e+00
9.651108271786734250e+00
7.261406065208782401e+00
3.719406483205643266e+00
9.651108271786734250e+00
5.727756030957645628e+00
6.607112540912544851e+00
9.651108271786734250e+00
9.651108271786734250e+00
7.261406065208782401e+00
7.261406065208782401e+00
3.583677881035240986e+00
1.245746553947521562e+01
8.189543699461538040e+00
9.651108271786734250e+00
9.651108271786734250e+00
8.189543699461538040e+00
9.651108271786734250e+00
9.651108271786734250e+00
8.189543699461538040e+00
9.651108271786734250e+00
9.651108271786734250e+00
4.421804392808938999e+00
7.261406065208782401e+00
4.569753639274804158e+00
7.261406065208782401e+00
9.651108271786734250e+00
3.966660337563596705e+00
5.727756030957645628e+00
8.189543699461538040e+00
9.651108271786734250e+00
5.413248101257776668e+00
8.189543699461538040e+00
2.712999621014341223e+00
9.651108271786734250e+00
1.245746553947521562e+01
7.261406065208782401e+00
3.522617637752593289e+00
6.114891268909794064e+00
9.651108271786734250e+00
7.261406065208782401e+00
9.651108271786734250e+00
6.607112540912544851e+00
9.651108271786734250e+00
5.413248101257776668e+00
1.245746553947521562e+01
4.421804392808938999e+00
9.651108271786734250e+00
6.607112540912544851e+00
7.261406065208782401e+00
5.727756030957645628e+00
6.114891268909794064e+00
4.929023602191341169e+00
3.583677881035240986e+00
5.727756030957645628e+00
9.651108271786734250e+00
9.651108271786734250e+00
9.651108271786734250e+00
8.189543699461538040e+00
9.651108271786734250e+00
9.651108271786734250e+00
8.189543699461538040e+00
7.261406065208782401e+00
1.245746553947521562e+01
4.569753639274804158e+00
8.189543699461538040e+00
8.189543699461538040e+00
8.189543699461538040e+00
8.189543699461538040e+00
6.607112540912544851e+00
6.114891268909794064e+00
8.189543699461538040e+00
4.929023602191341169e+00
9.651108271786734250e+00
6.114891268909794064e+00
6.114891268909794064e+00
3.877360660186340180e+00
6.114891268909794064e+00
9.651108271786734250e+00
9.651108271786734250e+00
5.727756030957645628e+00
8.189543699461538040e+00
6.607112540912544851e+00
8.189543699461538040e+00
9.651108271786734250e+00
6.607112540912544851e+00
8.189543699461538040e+00
8.189543699461538040e+00
9.651108271786734250e+00
6.114891268909794064e+00
9.651108271786734250e+00
8.189543699461538040e+00
5.413248101257776668e+00
7.261406065208782401e+00
6.114891268909794064e+00
3.966660337563596705e+00
5.727756030957645628e+00
1.245746553947521562e+01
1.245746553947521562e+01
9.651108271786734250e+00
6.607112540912544851e+00
5.727756030957645628e+00
6.114891268909794064e+00
4.171438676223764297e+00
8.189543699461538040e+00
9.651108271786734250e+00
6.607112540912544851e+00
7.261406065208782401e+00
1.245746553947521562e+01
8.189543699461538040e+00
3.649095404287310274e+00
7.261406065208782401e+00
4.929023602191341169e+00
5.151363564107256821e+00
5.727756030957645628e+00
4.569753639274804158e+00
7.261406065208782401e+00
9.651108271786734250e+00
9.651108271786734250e+00
9.651108271786734250e+00
7.261406065208782401e+00
1.245746553947521562e+01
1.245746553947521562e+01
7.261406065208782401e+00
1.245746553947521562e+01
8.189543699461538040e+00
8.189543699461538040e+00
9.651108271786734250e+00
9.651108271786734250e+00
4.929023602191341169e+00
6.114891268909794064e+00
1.245746553947521562e+01
9.651108271786734250e+00
5.727756030957645628e+00
5.413248101257776668e+00
8.189543699461538040e+00
2.980056928082100320e+00
3.966660337563596705e+00
9.651108271786734250e+00
4.929023602191341169e+00
4.929023602191341169e+00
5.413248101257776668e+00
9.651108271786734250e+00
7.261406065208782401e+00
5.413248101257776668e+00
8.189543699461538040e+00
6.114891268909794064e+00
6.607112540912544851e+00
8.189543699461538040e+00
7.261406065208782401e+00
1.245746553947521562e+01
9.651108271786734250e+00
9.651108271786734250e+00
9.651108271786734250e+00
9.651108271786734250e+00
6.114891268909794064e+00
7.261406065208782401e+00
7.261406065208782401e+00
5.151363564107256821e+00
5.413248101257776668e+00
5.413248101257776668e+00
8.189543699461538040e+00
2.950839564932278059e+00
3.226058859512328070e+00
7.261406065208782401e+00
9.651108271786734250e+00
7.261406065208782401e+00
7.261406065208782401e+00
9.651108271786734250e+00
8.189543699461538040e+00
7.261406065208782401e+00
3.795243948471185735e+00
9.651108271786734250e+00
6.607112540912544851e+00
8.189543699461538040e+00
6.607112540912544851e+00
9.651108271786734250e+00
7.261406065208782401e+00
9.651108271786734250e+00
8.189543699461538040e+00
7.261406065208782401e+00
8.189543699461538040e+00
9.651108271786734250e+00
9.651108271786734250e+00
7.261406065208782401e+00
1.245746553947521562e+01
6.607112540912544851e+00
5.413248101257776668e+00
8.189543699461538040e+00
9.651108271786734250e+00
6.607112540912544851e+00
5.727756030957645628e+00
3.010542037488269429e+00
8.189543699461538040e+00
6.607112540912544851e+00
6.607112540912544851e+00
8.189543699461538040e+00
6.607112540912544851e+00
6.607112540912544851e+00
9.651108271786734250e+00
9.651108271786734250e+00
5.413248101257776668e+00
9.651108271786734250e+00
7.261406065208782401e+00
5.413248101257776668e+00
5.413248101257776668e+00
1.245746553947521562e+01
5.727756030957645628e+00
1.245746553947521562e+01
9.651108271786734250e+00
9.651108271786734250e+00
8.189543699461538040e+00
1.245746553947521562e+01
5.413248101257776668e+00
7.261406065208782401e+00
5.413248101257776668e+00
9.651108271786734250e+00
8.189543699461538040e+00
9.651108271786734250e+00
6.607112540912544851e+00
9.651108271786734250e+00
9.651108271786734250e+00
8.189543699461538040e+00
8.189543699461538040e+00
9.651108271786734250e+00
9.651108271786734250e+00
3.042387998908642199e+00
5.727756030957645628e+00
6.607112540912544851e+00
8.189543699461538040e+00
3.010542037488269429e+00
3.110585273939081130e+00
9.651108271786734250e+00
8.189543699461538040e+00
9.651108271786734250e+00
7.261406065208782401e+00
7.261406065208782401e+00
6.607112540912544851e+00
3.966660337563596705e+00
7.261406065208782401e+00
9.651108271786734250e+00
9.651108271786734250e+00
5.151363564107256821e+00
8.189543699461538040e+00
2.146961460906348762e+00
3.877360660186340180e+00
8.189543699461538040e+00
8.189543699461538040e+00
7.261406065208782401e+00
6.607112540912544851e+00
7.261406065208782401e+00
9.651108271786734250e+00
9.651108271786734250e+00
6.114891268909794064e+00
9.651108271786734250e+00
9.651108271786734250e+00
8.189543699461538040e+00
8.189543699461538040e+00
9.651108271786734250e+00
9.651108271786734250e+00
1.245746553947521562e+01
6.607112540912544851e+00
9.651108271786734250e+00
1.245746553947521562e+01
1.245746553947521562e+01
2.201661186137478410e+00
7.261406065208782401e+00
7.261406065208782401e+00
7.261406065208782401e+00
3.649095404287310274e+00
9.651108271786734250e+00
6.114891268909794064e+00
1.245746553947521562e+01
1.245746553947521562e+01
6.607112540912544851e+00
7.261406065208782401e+00
8.189543699461538040e+00
8.189543699461538040e+00
6.114891268909794064e+00
2.797917091046687954e+00
1.809747469517361651e+00
1.759329756984368442e+00
9.651108271786734250e+00
8.189543699461538040e+00
6.607112540912544851e+00
7.261406065208782401e+00
9.651108271786734250e+00
8.189543699461538040e+00
9.651108271786734250e+00
9.651108271786734250e+00
5.151363564107256821e+00
7.261406065208782401e+00
9.651108271786734250e+00
6.607112540912544851e+00
9.651108271786734250e+00
9.651108271786734250e+00
8.189543699461538040e+00
9.651108271786734250e+00
8.189543699461538040e+00
8.189543699461538040e+00
8.189543699461538040e+00
1.245746553947521562e+01
6.607112540912544851e+00
9.651108271786734250e+00
8.189543699461538040e+00
6.114891268909794064e+00
2.950839564932278059e+00
8.189543699461538040e+00
6.114891268909794064e+00
8.189543699461538040e+00
2.527576701181793339e+00
8.189543699461538040e+00
3.966660337563596705e+00
6.114891268909794064e+00
9.651108271786734250e+00
8.189543699461538040e+00
9.651108271786734250e+00
8.189543699461538040e+00
2.076687074086349227e+00
4.421804392808938999e+00
5.727756030957645628e+00
8.189543699461538040e+00
9.651108271786734250e+00
6.607112540912544851e+00
7.261406065208782401e+00
4.737274003958602542e+00
1.245746553947521562e+01
8.189543699461538040e+00
9.651108271786734250e+00
9.651108271786734250e+00
9.651108271786734250e+00
8.189543699461538040e+00
9.651108271786734250e+00
8.189543699461538040e+00
8.189543699461538040e+00
5.413248101257776668e+00
9.651108271786734250e+00
6.607112540912544851e+00
9.651108271786734250e+00
3.795243948471185735e+00
6.607112540912544851e+00
5.413248101257776668e+00
8.189543699461538040e+00
3.719406483205643266e+00
4.569753639274804158e+00
7.261406065208782401e+00
9.651108271786734250e+00
3.649095404287310274e+00
5.727756030957645628e+00
6.607112540912544851e+00
5.413248101257776668e+00
5.151363564107256821e+00
6.114891268909794064e+00
7.261406065208782401e+00
1.245746553947521562e+01
4.289927677420816821e+00
5.413248101257776668e+00
6.114891268909794064e+00
3.411802010949121833e+00
3.361312801098469638e+00
5.151363564107256821e+00
5.413248101257776668e+00
9.651108271786734250e+00
2.134350895442781670e+00
9.651108271786734250e+00
7.261406065208782401e+00
6.607112540912544851e+00
9.651108271786734250e+00
9.651108271786734250e+00
4.737274003958602542e+00
4.929023602191341169e+00
8.189543699461538040e+00
9.651108271786734250e+00
4.421804392808938999e+00
3.877360660186340180e+00
9.651108271786734250e+00
9.651108271786734250e+00
9.651108271786734250e+00
8.189543699461538040e+00
9.651108271786734250e+00
7.261406065208782401e+00
9.651108271786734250e+00
6.607112540912544851e+00
9.651108271786734250e+00
9.651108271786734250e+00
9.651108271786734250e+00
9.651108271786734250e+00
8.189543699461538040e+00
8.189543699461538040e+00
2.318028990566028735e+00
8.189543699461538040e+00
7.261406065208782401e+00
6.607112540912544851e+00
7.261406065208782401e+00
9.651108271786734250e+00
8.189543699461538040e+00
7.261406065208782401e+00
9.651108271786734250e+00
9.651108271786734250e+00
8.189543699461538040e+00
9.651108271786734250e+00
2.460202888700870005e+00
9.651108271786734250e+00
8.189543699461538040e+00
9.651108271786734250e+00
1.245746553947521562e+01
9.651108271786734250e+00
7.261406065208782401e+00
6.607112540912544851e+00
9.651108271786734250e+00
9.651108271786734250e+00
8.189543699461538040e+00
7.261406065208782401e+00
9.651108271786734250e+00
9.651108271786734250e+00
9.651108271786734250e+00
6.114891268909794064e+00
8.189543699461538040e+00
8.189543699461538040e+00
7.261406065208782401e+00
8.189543699461538040e+00
1.245746553947521562e+01
7.261406065208782401e+00
8.189543699461538040e+00
8.189543699461538040e+00
8.189543699461538040e+00
7.261406065208782401e+00
8.189543699461538040e+00
8.189543699461538040e+00
7.261406065208782401e+00
7.261406065208782401e+00
5.727756030957645628e+00
8.189543699461538040e+00
6.607112540912544851e+00
9.651108271786734250e+00
4.737274003958602542e+00
6.607112540912544851e+00
9.651108271786734250e+00
7.261406065208782401e+00
8.189543699461538040e+00
7.261406065208782401e+00
1.245746553947521562e+01
8.189543699461538040e+00
3.795243948471185735e+00
7.261406065208782401e+00
9.651108271786734250e+00
9.651108271786734250e+00
3.877360660186340180e+00
9.651108271786734250e+00
8.189543699461538040e+00
9.651108271786734250e+00
9.651108271786734250e+00
8.189543699461538040e+00
1.245746553947521562e+01
9.651108271786734250e+00
1.245746553947521562e+01
6.114891268909794064e+00
8.189543699461538040e+00
1.245746553947521562e+01
5.413248101257776668e+00
6.114891268909794064e+00
8.189543699461538040e+00
4.737274003958602542e+00
9.651108271786734250e+00
7.261406065208782401e+00
6.607112540912544851e+00
6.114891268909794064e+00
9.651108271786734250e+00
5.727756030957645628e+00
6.607112540912544851e+00
8.189543699461538040e+00
9.651108271786734250e+00
8.189543699461538040e+00
7.261406065208782401e+00
5.727756030957645628e+00
3.583677881035240986e+00
4.569753639274804158e+00
5.413248101257776668e+00
8.189543699461538040e+00
9.651108271786734250e+00
7.261406065208782401e+00
9.651108271786734250e+00
9.651108271786734250e+00
6.607112540912544851e+00
9.651108271786734250e+00
3.877360660186340180e+00
9.651108271786734250e+00
8.189543699461538040e+00
4.929023602191341169e+00
7.261406065208782401e+00
5.151363564107256821e+00
9.651108271786734250e+00
7.261406065208782401e+00
9.651108271786734250e+00
8.189543699461538040e+00
8.189543699461538040e+00
1.245746553947521562e+01
5.413248101257776668e+00
9.651108271786734250e+00
9.651108271786734250e+00
9.651108271786734250e+00
6.607112540912544851e+00
3.649095404287310274e+00
6.607112540912544851e+00
6.607112540912544851e+00
2.557084228718982555e+00
6.607112540912544851e+00
2.821062455300170857e+00
6.114891268909794064e+00
7.261406065208782401e+00
6.114891268909794064e+00
9.651108271786734250e+00
5.727756030957645628e+00
5.413248101257776668e+00
9.651108271786734250e+00
7.261406065208782401e+00
8.189543699461538040e+00
5.413248101257776668e+00
9.651108271786734250e+00
8.189543699461538040e+00
1.245746553947521562e+01
5.727756030957645628e+00
8.189543699461538040e+00
5.151363564107256821e+00
4.421804392808938999e+00
7.261406065208782401e+00
9.651108271786734250e+00
8.189543699461538040e+00
9.651108271786734250e+00
7.261406065208782401e+00
8.189543699461538040e+00
9.651108271786734250e+00
1.245746553947521562e+01
8.189543699461538040e+00
9.651108271786734250e+00
7.261406065208782401e+00
6.607112540912544851e+00
9.651108271786734250e+00
9.651108271786734250e+00
8.189543699461538040e+00
8.189543699461538040e+00
9.651108271786734250e+00
9.651108271786734250e+00
5.727756030957645628e+00
9.651108271786734250e+00
1.245746553947521562e+01
7.261406065208782401e+00
9.651108271786734250e+00
9.651108271786734250e+00
8.189543699461538040e+00
8.189543699461538040e+00
5.727756030957645628e+00
9.651108271786734250e+00
7.261406065208782401e+00
9.651108271786734250e+00
9.651108271786734250e+00
8.189543699461538040e+00
5.151363564107256821e+00
4.569753639274804158e+00
4.064238626860063874e+00
8.189543699461538040e+00
9.651108271786734250e+00
8.189543699461538040e+00
4.929023602191341169e+00
5.727756030957645628e+00
5.151363564107256821e+00
9.651108271786734250e+00
6.607112540912544851e+00
9.651108271786734250e+00
2.357540667676594204e+00
4.929023602191341169e+00
3.966660337563596705e+00
8.189543699461538040e+00
8.189543699461538040e+00
7.261406065208782401e+00
8.189543699461538040e+00
1.245746553947521562e+01
9.651108271786734250e+00
9.651108271786734250e+00
9.651108271786734250e+00
8.189543699461538040e+00
9.651108271786734250e+00
5.727756030957645628e+00
8.189543699461538040e+00
8.189543699461538040e+00
4.929023602191341169e+00
9.651108271786734250e+00
8.189543699461538040e+00
5.727756030957645628e+00
9.651108271786734250e+00
5.727756030957645628e+00
1.245746553947521562e+01
8.189543699461538040e+00
5.727756030957645628e+00
9.651108271786734250e+00
8.189543699461538040e+00
9.651108271786734250e+00
9.651108271786734250e+00
5.727756030957645628e+00
6.114891268909794064e+00
8.189543699461538040e+00
9.651108271786734250e+00
6.607112540912544851e+00
6.607112540912544851e+00
7.261406065208782401e+00
4.929023602191341169e+00
9.651108271786734250e+00
9.651108271786734250e+00
8.189543699461538040e+00
8.189543699461538040e+00
9.651108271786734250e+00
5.727756030957645628e+00
9.651108271786734250e+00
6.607112540912544851e+00
3.649095404287310274e+00
3.522617637752593289e+00
9.651108271786734250e+00
6.114891268909794064e+00
6.114891268909794064e+00
6.607112540912544851e+00
9.651108271786734250e+00
9.651108271786734250e+00
1.245746553947521562e+01
8.189543699461538040e+00
7.261406065208782401e+00
9.651108271786734250e+00
8.189543699461538040e+00
6.607112540912544851e+00
4.171438676223764297e+00
7.261406065208782401e+00
8.189543699461538040e+00
3.361312801098469638e+00
7.261406065208782401e+00
6.114891268909794064e+00
9.651108271786734250e+00
9.651108271786734250e+00
1.245746553947521562e+01
8.189543699461538040e+00
5.413248101257776668e+00
2.922805478880585284e+00
5.413248101257776668e+00
8.189543699461538040e+00
4.569753639274804158e+00
9.651108271786734250e+00
8.189543699461538040e+00
9.651108271786734250e+00
8.189543699461538040e+00
3.877360660186340180e+00
1.245746553947521562e+01
9.651108271786734250e+00
8.189543699461538040e+00
5.727756030957645628e+00
9.651108271786734250e+00
9.651108271786734250e+00
6.607112540912544851e+00
7.261406065208782401e+00
5.413248101257776668e+00
8.189543699461538040e+00
9.651108271786734250e+00
2.153416642611853504e+00
8.189543699461538040e+00
9.651108271786734250e+00
7.261406065208782401e+00
7.261406065208782401e+00
6.607112540912544851e+00
7.261406065208782401e+00
6.607112540912544851e+00
8.189543699461538040e+00
8.189543699461538040e+00
9.651108271786734250e+00
1.245746553947521562e+01
9.651108271786734250e+00
8.189543699461538040e+00
8.189543699461538040e+00
9.651108271786734250e+00
1.245746553947521562e+01
7.261406065208782401e+00
6.607112540912544851e+00
9.651108271786734250e+00
4.569753639274804158e+00
9.651108271786734250e+00
9.651108271786734250e+00
8.189543699461538040e+00
9.651108271786734250e+00
9.651108271786734250e+00
1.245746553947521562e+01
9.651108271786734250e+00
8.189543699461538040e+00
6.607112540912544851e+00
9.651108271786734250e+00
4.289927677420816821e+00
7.261406065208782401e+00
9.651108271786734250e+00
1.245746553947521562e+01
9.651108271786734250e+00
5.151363564107256821e+00
1.245746553947521562e+01
6.607112540912544851e+00
8.189543699461538040e+00
9.651108271786734250e+00
1.245746553947521562e+01
9.651108271786734250e+00
7.261406065208782401e+00
8.189543699461538040e+00
9.651108271786734250e+00
6.114891268909794064e+00
9.651108271786734250e+00
9.651108271786734250e+00
4.171438676223764297e+00
8.189543699461538040e+00
1.245746553947521562e+01
8.189543699461538040e+00
9.651108271786734250e+00
3.649095404287310274e+00
9.651108271786734250e+00
7.261406065208782401e+00
9.651108271786734250e+00
9.651108271786734250e+00
9.651108271786734250e+00
9.651108271786734250e+00
9.651108271786734250e+00
9.651108271786734250e+00
7.261406065208782401e+00
9.651108271786734250e+00
8.189543699461538040e+00
8.189543699461538040e+00
9.651108271786734250e+00
1.245746553947521562e+01
1.245746553947521562e+01
1.245746553947521562e+01
1.245746553947521562e+01
1.245746553947521562e+01
7.261406065208782401e+00
7.261406065208782401e+00
7.261406065208782401e+00
9.651108271786734250e+00
1.245746553947521562e+01
8.189543699461538040e+00
6.114891268909794064e+00
7.261406065208782401e+00
7.261406065208782401e+00
6.607112540912544851e+00
1.245746553947521562e+01
7.261406065208782401e+00
7.261406065208782401e+00
9.651108271786734250e+00
6.114891268909794064e+00
8.189543699461538040e+00
1.245746553947521562e+01
9.651108271786734250e+00
8.189543699461538040e+00
7.261406065208782401e+00
8.189543699461538040e+00
8.189543699461538040e+00
9.651108271786734250e+00
6.114891268909794064e+00
6.607112540912544851e+00
5.413248101257776668e+00
7.261406065208782401e+00
5.727756030957645628e+00
9.651108271786734250e+00
9.651108271786734250e+00
9.651108271786734250e+00
9.651108271786734250e+00
6.607112540912544851e+00
4.929023602191341169e+00
5.727756030957645628e+00
3.795243948471185735e+00
5.413248101257776668e+00
9.651108271786734250e+00
8.189543699461538040e+00
8.189543699461538040e+00
8.189543699461538040e+00
8.189543699461538040e+00
9.651108271786734250e+00
9.651108271786734250e+00
9.651108271786734250e+00
9.651108271786734250e+00
8.189543699461538040e+00
6.607112540912544851e+00
8.189543699461538040e+00
9.651108271786734250e+00
6.607112540912544851e+00
9.651108271786734250e+00
9.651108271786734250e+00
9.651108271786734250e+00
6.607112540912544851e+00
8.189543699461538040e+00
8.189543699461538040e+00
4.737274003958602542e+00
7.261406065208782401e+00
9.651108271786734250e+00
1.245746553947521562e+01
1.245746553947521562e+01
9.651108271786734250e+00
1.245746553947521562e+01
8.189543699461538040e+00
9.651108271786734250e+00
1.245746553947521562e+01
4.929023602191341169e+00
6.607112540912544851e+00
9.651108271786734250e+00
7.261406065208782401e+00
7.261406065208782401e+00
1.245746553947521562e+01
4.737274003958602542e+00
9.651108271786734250e+00
1.245746553947521562e+01
1.245746553947521562e+01
1.245746553947521562e+01
8.189543699461538040e+00
6.607112540912544851e+00
9.651108271786734250e+00
6.607112540912544851e+00
3.268684370869904487e+00
7.261406065208782401e+00
8.189543699461538040e+00
7.261406065208782401e+00
9.651108271786734250e+00
8.189543699461538040e+00
8.189543699461538040e+00
8.189543699461538040e+00
9.651108271786734250e+00
7.261406065208782401e+00
7.261406065208782401e+00
6.607112540912544851e+00
9.651108271786734250e+00
9.651108271786734250e+00
6.607112540912544851e+00
9.651108271786734250e+00
4.929023602191341169e+00
7.261406065208782401e+00
8.189543699461538040e+00
8.189543699461538040e+00
8.189543699461538040e+00
8.189543699461538040e+00
8.189543699461538040e+00
8.189543699461538040e+00
5.151363564107256821e+00
8.189543699461538040e+00
9.651108271786734250e+00
9.651108271786734250e+00
9.651108271786734250e+00
9.651108271786734250e+00
7.261406065208782401e+00
8.189543699461538040e+00
9.651108271786734250e+00
7.261406065208782401e+00
6.607112540912544851e+00
1.245746553947521562e+01
1.245746553947521562e+01
2.797917091046687954e+00
9.651108271786734250e+00
6.114891268909794064e+00
8.189543699461538040e+00
7.261406065208782401e+00
9.651108271786734250e+00
1.245746553947521562e+01
1.245746553947521562e+01
9.651108271786734250e+00
9.651108271786734250e+00
8.189543699461538040e+00
9.651108271786734250e+00
9.651108271786734250e+00
9.651108271786734250e+00
4.569753639274804158e+00
1.245746553947521562e+01
6.607112540912544851e+00
1.245746553947521562e+01
9.651108271786734250e+00
9.651108271786734250e+00
1.245746553947521562e+01
7.261406065208782401e+00
1.245746553947521562e+01
9.651108271786734250e+00
9.651108271786734250e+00
9.651108271786734250e+00
7.261406065208782401e+00
9.651108271786734250e+00
9.651108271786734250e+00
9.651108271786734250e+00
8.189543699461538040e+00
9.651108271786734250e+00
9.651108271786734250e+00
8.189543699461538040e+00
6.607112540912544851e+00
9.651108271786734250e+00
9.651108271786734250e+00
9.651108271786734250e+00
6.607112540912544851e+00
8.189543699461538040e+00
9.651108271786734250e+00
9.651108271786734250e+00
9.651108271786734250e+00
8.189543699461538040e+00
9.651108271786734250e+00
8.189543699461538040e+00
9.651108271786734250e+00
9.651108271786734250e+00
9.651108271786734250e+00
8.189543699461538040e+00
8.189543699461538040e+00
8.189543699461538040e+00
9.651108271786734250e+00
6.607112540912544851e+00
9.651108271786734250e+00
8.189543699461538040e+00
8.189543699461538040e+00
9.651108271786734250e+00
9.651108271786734250e+00
6.607112540912544851e+00
8.189543699461538040e+00
9.651108271786734250e+00
7.261406065208782401e+00
1.245746553947521562e+01
9.651108271786734250e+00
1.245746553947521562e+01
9.651108271786734250e+00
9.651108271786734250e+00
8.189543699461538040e+00
9.651108271786734250e+00
9.651108271786734250e+00
7.261406065208782401e+00
9.651108271786734250e+00
9.651108271786734250e+00
1.245746553947521562e+01
8.189543699461538040e+00
6.607112540912544851e+00
8.189543699461538040e+00
9.651108271786734250e+00
8.189543699461538040e+00
9.651108271786734250e+00
8.189543699461538040e+00
5.151363564107256821e+00
1.245746553947521562e+01
9.651108271786734250e+00
6.607112540912544851e+00
4.569753639274804158e+00
9.651108271786734250e+00
9.651108271786734250e+00
9.651108271786734250e+00
8.189543699461538040e+00
8.189543699461538040e+00
9.651108271786734250e+00
9.651108271786734250e+00
1.245746553947521562e+01
9.651108271786734250e+00
8.189543699461538040e+00
9.651108271786734250e+00
9.651108271786734250e+00
9.651108271786734250e+00
9.651108271786734250e+00
9.651108271786734250e+00
9.651108271786734250e+00
9.651108271786734250e+00
9.651108271786734250e+00
9.651108271786734250e+00
9.651108271786734250e+00
7.261406065208782401e+00
9.651108271786734250e+00
8.189543699461538040e+00
8.189543699461538040e+00
1.245746553947521562e+01
9.651108271786734250e+00
9.651108271786734250e+00
9.651108271786734250e+00
9.651108271786734250e+00
9.651108271786734250e+00
9.651108271786734250e+00
9.651108271786734250e+00
5.151363564107256821e+00
2.656259926708256280e+00
9.651108271786734250e+00
6.114891268909794064e+00
8.189543699461538040e+00
9.651108271786734250e+00
9.651108271786734250e+00
8.189543699461538040e+00
7.261406065208782401e+00
8.189543699461538040e+00
8.189543699461538040e+00
1.245746553947521562e+01
9.651108271786734250e+00
8.189543699461538040e+00
1.245746553947521562e+01
9.651108271786734250e+00
9.651108271786734250e+00
9.651108271786734250e+00
9.651108271786734250e+00
7.261406065208782401e+00
5.413248101257776668e+00
9.651108271786734250e+00
7.261406065208782401e+00
6.607112540912544851e+00
3.110585273939081130e+00
6.607112540912544851e+00
6.114891268909794064e+00
8.189543699461538040e+00
5.727756030957645628e+00
9.651108271786734250e+00
1.245746553947521562e+01
1.245746553947521562e+01
9.651108271786734250e+00
9.651108271786734250e+00
1.245746553947521562e+01
1.245746553947521562e+01
1.245746553947521562e+01
9.651108271786734250e+00
1.245746553947521562e+01
9.651108271786734250e+00
5.727756030957645628e+00
9.651108271786734250e+00
8.189543699461538040e+00
9.651108271786734250e+00
1.245746553947521562e+01
7.261406065208782401e+00
1.245746553947521562e+01
8.189543699461538040e+00
9.651108271786734250e+00
9.651108271786734250e+00
9.651108271786734250e+00
7.261406065208782401e+00
8.189543699461538040e+00
8.189543699461538040e+00
6.607112540912544851e+00
8.189543699461538040e+00
8.189543699461538040e+00
5.727756030957645628e+00
1.245746553947521562e+01
9.651108271786734250e+00
6.607112540912544851e+00
9.651108271786734250e+00
5.727756030957645628e+00
9.651108271786734250e+00
8.189543699461538040e+00
9.651108271786734250e+00
9.651108271786734250e+00
7.261406065208782401e+00
1.245746553947521562e+01
9.651108271786734250e+00
6.114891268909794064e+00
8.189543699461538040e+00
7.261406065208782401e+00
8.189543699461538040e+00
1.245746553947521562e+01
9.651108271786734250e+00
9.651108271786734250e+00
8.189543699461538040e+00
9.651108271786734250e+00
8.189543699461538040e+00
1.245746553947521562e+01
1.245746553947521562e+01
1.245746553947521562e+01
9.651108271786734250e+00
1.245746553947521562e+01
1.245746553947521562e+01
1.245746553947521562e+01
6.607112540912544851e+00
9.651108271786734250e+00
9.651108271786734250e+00
9.651108271786734250e+00
9.651108271786734250e+00
9.651108271786734250e+00
8.189543699461538040e+00
1.245746553947521562e+01
9.651108271786734250e+00
5.727756030957645628e+00
1.245746553947521562e+01
8.189543699461538040e+00
9.651108271786734250e+00
9.651108271786734250e+00
8.189543699461538040e+00
8.189543699461538040e+00
3.522617637752593289e+00
9.651108271786734250e+00
9.651108271786734250e+00
1.245746553947521562e+01
9.651108271786734250e+00
9.651108271786734250e+00
1.245746553947521562e+01
6.114891268909794064e+00
9.651108271786734250e+00
1.245746553947521562e+01
9.651108271786734250e+00
6.607112540912544851e+00
7.261406065208782401e+00
8.189543699461538040e+00
1.245746553947521562e+01
9.651108271786734250e+00
8.189543699461538040e+00
9.651108271786734250e+00
9.651108271786734250e+00
6.114891268909794064e+00
1.245746553947521562e+01
9.651108271786734250e+00
9.651108271786734250e+00
9.651108271786734250e+00
1.245746553947521562e+01
1.245746553947521562e+01
7.261406065208782401e+00
9.651108271786734250e+00
9.651108271786734250e+00
9.651108271786734250e+00
9.651108271786734250e+00
9.651108271786734250e+00
1.245746553947521562e+01
9.651108271786734250e+00
9.651108271786734250e+00
9.651108271786734250e+00
1.245746553947521562e+01
9.651108271786734250e+00
9.651108271786734250e+00
9.651108271786734250e+00
9.651108271786734250e+00
9.651108271786734250e+00
8.189543699461538040e+00
8.189543699461538040e+00
8.189543699461538040e+00
9.651108271786734250e+00
4.064238626860063874e+00
7.261406065208782401e+00
9.651108271786734250e+00
8.189543699461538040e+00
9.651108271786734250e+00
9.651108271786734250e+00
9.651108271786734250e+00
8.189543699461538040e+00
6.607112540912544851e+00
9.651108271786734250e+00
9.651108271786734250e+00
9.651108271786734250e+00
9.651108271786734250e+00
7.261406065208782401e+00
1.245746553947521562e+01
1.245746553947521562e+01
1.245746553947521562e+01
7.261406065208782401e+00
9.651108271786734250e+00
9.651108271786734250e+00
9.651108271786734250e+00
8.189543699461538040e+00
7.261406065208782401e+00
9.651108271786734250e+00
4.929023602191341169e+00
9.651108271786734250e+00
9.651108271786734250e+00
9.651108271786734250e+00
7.261406065208782401e+00
8.189543699461538040e+00
9.651108271786734250e+00
9.651108271786734250e+00
9.651108271786734250e+00
8.189543699461538040e+00
9.651108271786734250e+00
9.651108271786734250e+00
1.245746553947521562e+01
9.651108271786734250e+00
9.651108271786734250e+00
9.651108271786734250e+00
1.245746553947521562e+01
9.651108271786734250e+00
9.651108271786734250e+00
9.651108271786734250e+00
8.189543699461538040e+00
8.189543699461538040e+00
8.189543699461538040e+00
8.189543699461538040e+00
8.189543699461538040e+00
9.651108271786734250e+00
4.421804392808938999e+00
8.189543699461538040e+00
9.651108271786734250e+00
9.651108271786734250e+00
7.261406065208782401e+00
9.651108271786734250e+00
8.189543699461538040e+00
7.261406065208782401e+00
8.189543699461538040e+00
9.651108271786734250e+00
9.651108271786734250e+00
1.245746553947521562e+01
9.651108271786734250e+00
9.651108271786734250e+00
9.651108271786734250e+00
8.189543699461538040e+00
9.651108271786734250e+00
9.651108271786734250e+00
8.189543699461538040e+00
8.189543699461538040e+00
9.651108271786734250e+00
1.245746553947521562e+01
1.245746553947521562e+01
9.651108271786734250e+00
1.245746553947521562e+01
8.189543699461538040e+00
9.651108271786734250e+00
9.651108271786734250e+00
9.651108271786734250e+00
9.651108271786734250e+00
9.651108271786734250e+00
9.651108271786734250e+00
8.189543699461538040e+00
9.651108271786734250e+00
9.651108271786734250e+00
7.261406065208782401e+00
9.651108271786734250e+00
7.261406065208782401e+00
9.651108271786734250e+00
7.261406065208782401e+00
1.245746553947521562e+01
9.651108271786734250e+00
9.651108271786734250e+00
1.245746553947521562e+01
8.189543699461538040e+00
9.651108271786734250e+00
9.651108271786734250e+00
9.651108271786734250e+00
9.651108271786734250e+00
9.651108271786734250e+00
9.651108271786734250e+00
9.651108271786734250e+00
1.245746553947521562e+01
9.651108271786734250e+00
9.651108271786734250e+00
8.189543699461538040e+00
1.245746553947521562e+01
9.651108271786734250e+00
1.245746553947521562e+01
9.651108271786734250e+00
9.651108271786734250e+00
1.245746553947521562e+01
1.245746553947521562e+01
9.651108271786734250e+00
9.651108271786734250e+00
8.189543699461538040e+00
9.651108271786734250e+00
9.651108271786734250e+00
9.651108271786734250e+00
9.651108271786734250e+00
9.651108271786734250e+00
1.245746553947521562e+01
9.651108271786734250e+00
1.245746553947521562e+01
9.651108271786734250e+00
9.651108271786734250e+00
9.651108271786734250e+00
7.261406065208782401e+00
9.651108271786734250e+00
8.189543699461538040e+00
9.651108271786734250e+00
9.651108271786734250e+00
9.651108271786734250e+00
9.651108271786734250e+00
9.651108271786734250e+00
9.651108271786734250e+00
9.651108271786734250e+00
9.651108271786734250e+00
9.651108271786734250e+00
9.651108271786734250e+00
9.651108271786734250e+00
9.651108271786734250e+00
8.189543699461538040e+00
9.651108271786734250e+00
9.651108271786734250e+00
9.651108271786734250e+00
8.189543699461538040e+00
9.651108271786734250e+00
9.651108271786734250e+00
1.245746553947521562e+01
7.261406065208782401e+00
1.245746553947521562e+01
9.651108271786734250e+00
9.651108271786734250e+00
8.189543699461538040e+00
9.651108271786734250e+00
9.651108271786734250e+00
8.189543699461538040e+00
5.727756030957645628e+00
8.189543699461538040e+00
9.651108271786734250e+00
9.651108271786734250e+00
1.245746553947521562e+01
8.189543699461538040e+00
7.261406065208782401e+00
9.651108271786734250e+00
9.651108271786734250e+00
8.189543699461538040e+00
9.651108271786734250e+00
9.651108271786734250e+00
9.651108271786734250e+00
8.189543699461538040e+00
9.651108271786734250e+00
9.651108271786734250e+00
9.651108271786734250e+00
7.261406065208782401e+00
8.189543699461538040e+00
1.245746553947521562e+01
9.651108271786734250e+00
1.245746553947521562e+01
1.245746553947521562e+01
9.651108271786734250e+00
9.651108271786734250e+00
9.651108271786734250e+00
9.651108271786734250e+00
9.651108271786734250e+00
9.651108271786734250e+00
8.189543699461538040e+00
9.651108271786734250e+00
9.651108271786734250e+00
9.651108271786734250e+00
9.651108271786734250e+00
9.651108271786734250e+00
9.651108271786734250e+00
9.651108271786734250e+00
9.651108271786734250e+00
9.651108271786734250e+00
9.651108271786734250e+00
9.651108271786734250e+00
8.189543699461538040e+00
9.651108271786734250e+00
